Dynamical matrix file
default                                                                    
  2    2   2  10.8614620   0.0000000   0.0000000   0.0000000   0.0000000   0.0000000
           1  'Ga  '    63548.6269622649     
           2  'As  '    68286.8564472683     
    1    1      0.0000000000      0.0000000000      0.0000000000
    2    2      0.2500000000      0.2500000000      0.2500000000

     Dynamical  Matrix in cartesian axes

     q = (    0.666666667   0.000000000   0.666666667 ) 

    1    1
  0.15418463   0.00000000    -0.00000000  -0.01205495     0.00681743   0.00000000
  0.00000000   0.01205495     0.20379062   0.00000000     0.00000000   0.01205495
  0.00681743   0.00000000    -0.00000000  -0.01205495     0.15418463   0.00000000
    1    2
  0.01945753   0.03370143    -0.04679097   0.02701478    -0.04766203  -0.08255306
 -0.04949696   0.02857708     0.02730010   0.04728516    -0.04949696   0.02857708
 -0.04766203  -0.08255306    -0.04679097   0.02701478     0.01945753   0.03370143
    2    1
  0.01945753  -0.03370143    -0.04949696  -0.02857708    -0.04766203   0.08255306
 -0.04679097  -0.02701478     0.02730010  -0.04728516    -0.04679097  -0.02701478
 -0.04766203   0.08255306    -0.04949696  -0.02857708     0.01945753  -0.03370143
    2    2
  0.20286703   0.00000000     0.00000000  -0.01504984     0.01487524   0.00000000
 -0.00000000   0.01504984     0.22508585   0.00000000    -0.00000000   0.01504984
  0.01487524   0.00000000     0.00000000  -0.01504984     0.20286703   0.00000000

     Dynamical  Matrix in cartesian axes

     q = (   -0.666666667   0.000000000  -0.666666667 ) 

    1    1
  0.15418463   0.00000000    -0.00000000   0.01205495     0.00681743   0.00000000
  0.00000000  -0.01205495     0.20379062   0.00000000     0.00000000  -0.01205495
  0.00681743   0.00000000    -0.00000000   0.01205495     0.15418463   0.00000000
    1    2
  0.01945753  -0.03370143    -0.04679097  -0.02701478    -0.04766203   0.08255306
 -0.04949696  -0.02857708     0.02730010  -0.04728516    -0.04949696  -0.02857708
 -0.04766203   0.08255306    -0.04679097  -0.02701478     0.01945753  -0.03370143
    2    1
  0.01945753   0.03370143    -0.04949696   0.02857708    -0.04766203  -0.08255306
 -0.04679097   0.02701478     0.02730010   0.04728516    -0.04679097   0.02701478
 -0.04766203  -0.08255306    -0.04949696   0.02857708     0.01945753   0.03370143
    2    2
  0.20286703   0.00000000     0.00000000   0.01504984     0.01487524   0.00000000
 -0.00000000  -0.01504984     0.22508585   0.00000000    -0.00000000  -0.01504984
  0.01487524   0.00000000     0.00000000   0.01504984     0.20286703   0.00000000

     Dynamical  Matrix in cartesian axes

     q = (    0.000000000  -0.666666667   0.666666667 ) 

    1    1
  0.20379062   0.00000000     0.00000000   0.01205495     0.00000000  -0.01205495
 -0.00000000  -0.01205495     0.15418463   0.00000000    -0.00681743   0.00000000
  0.00000000   0.01205495    -0.00681743   0.00000000     0.15418463   0.00000000
    1    2
 -0.05460020  -0.00000000    -0.00000000  -0.05715416     0.00000000   0.05715416
  0.00000000  -0.05402956    -0.03891506   0.00000000    -0.09532406  -0.00000000
 -0.00000000   0.05402956    -0.09532406  -0.00000000    -0.03891506  -0.00000000
    2    1
 -0.05460020   0.00000000     0.00000000   0.05402956    -0.00000000  -0.05402956
 -0.00000000   0.05715416    -0.03891506   0.00000000    -0.09532406   0.00000000
  0.00000000  -0.05715416    -0.09532406   0.00000000    -0.03891506  -0.00000000
    2    2
  0.22508585   0.00000000    -0.00000000   0.01504984     0.00000000  -0.01504984
  0.00000000  -0.01504984     0.20286703   0.00000000    -0.01487524   0.00000000
  0.00000000   0.01504984    -0.01487524   0.00000000     0.20286703   0.00000000

     Dynamical  Matrix in cartesian axes

     q = (   -0.666666667   0.000000000   0.666666667 ) 

    1    1
  0.15418463   0.00000000     0.00000000  -0.01205495    -0.00681743   0.00000000
  0.00000000   0.01205495     0.20379062   0.00000000     0.00000000  -0.01205495
 -0.00681743   0.00000000     0.00000000   0.01205495     0.15418463   0.00000000
    1    2
 -0.03891506  -0.00000000    -0.00000000  -0.05402956    -0.09532406  -0.00000000
  0.00000000  -0.05715416    -0.05460020  -0.00000000    -0.00000000   0.05715416
 -0.09532406  -0.00000000     0.00000000   0.05402956    -0.03891506  -0.00000000
    2    1
 -0.03891506   0.00000000    -0.00000000   0.05715416    -0.09532406  -0.00000000
  0.00000000   0.05402956    -0.05460020   0.00000000    -0.00000000  -0.05402956
 -0.09532406  -0.00000000     0.00000000  -0.05715416    -0.03891506   0.00000000
    2    2
  0.20286703   0.00000000     0.00000000  -0.01504984    -0.01487524   0.00000000
  0.00000000   0.01504984     0.22508585   0.00000000     0.00000000  -0.01504984
 -0.01487524   0.00000000     0.00000000   0.01504984     0.20286703   0.00000000

     Dynamical  Matrix in cartesian axes

     q = (    0.666666667   0.000000000  -0.666666667 ) 

    1    1
  0.15418463   0.00000000     0.00000000   0.01205495    -0.00681743   0.00000000
  0.00000000  -0.01205495     0.20379062   0.00000000     0.00000000   0.01205495
 -0.00681743   0.00000000     0.00000000  -0.01205495     0.15418463   0.00000000
    1    2
 -0.03891506   0.00000000     0.00000000   0.05402956    -0.09532406   0.00000000
  0.00000000   0.05715416    -0.05460020  -0.00000000     0.00000000  -0.05715416
 -0.09532406  -0.00000000    -0.00000000  -0.05402956    -0.03891506   0.00000000
    2    1
 -0.03891506   0.00000000     0.00000000  -0.05715416    -0.09532406   0.00000000
 -0.00000000  -0.05402956    -0.05460020   0.00000000     0.00000000   0.05402956
 -0.09532406  -0.00000000    -0.00000000   0.05715416    -0.03891506   0.00000000
    2    2
  0.20286703   0.00000000     0.00000000   0.01504984    -0.01487524   0.00000000
  0.00000000  -0.01504984     0.22508585   0.00000000     0.00000000   0.01504984
 -0.01487524   0.00000000     0.00000000  -0.01504984     0.20286703   0.00000000

     Dynamical  Matrix in cartesian axes

     q = (    0.666666667   0.666666667   0.000000000 ) 

    1    1
  0.15418463   0.00000000     0.00681743   0.00000000     0.00000000  -0.01205495
  0.00681743   0.00000000     0.15418463   0.00000000     0.00000000  -0.01205495
  0.00000000   0.01205495     0.00000000   0.01205495     0.20379062   0.00000000
    1    2
  0.01945753   0.03370143    -0.04766203  -0.08255306    -0.04679097   0.02701478
 -0.04766203  -0.08255306     0.01945753   0.03370143    -0.04679097   0.02701478
 -0.04949696   0.02857708    -0.04949696   0.02857708     0.02730010   0.04728516
    2    1
  0.01945753  -0.03370143    -0.04766203   0.08255306    -0.04949696  -0.02857708
 -0.04766203   0.08255306     0.01945753  -0.03370143    -0.04949696  -0.02857708
 -0.04679097  -0.02701478    -0.04679097  -0.02701478     0.02730010  -0.04728516
    2    2
  0.20286703   0.00000000     0.01487524   0.00000000     0.00000000  -0.01504984
  0.01487524   0.00000000     0.20286703   0.00000000     0.00000000  -0.01504984
  0.00000000   0.01504984     0.00000000   0.01504984     0.22508585   0.00000000

     Dynamical  Matrix in cartesian axes

     q = (    0.666666667  -0.666666667   0.000000000 ) 

    1    1
  0.15418463   0.00000000    -0.00681743   0.00000000     0.00000000   0.01205495
 -0.00681743   0.00000000     0.15418463   0.00000000     0.00000000  -0.01205495
 -0.00000000  -0.01205495     0.00000000   0.01205495     0.20379062   0.00000000
    1    2
 -0.03891506   0.00000000    -0.09532406   0.00000000     0.00000000   0.05402956
 -0.09532406   0.00000000    -0.03891506   0.00000000    -0.00000000  -0.05402956
  0.00000000   0.05715416    -0.00000000  -0.05715416    -0.05460020   0.00000000
    2    1
 -0.03891506  -0.00000000    -0.09532406  -0.00000000     0.00000000  -0.05715416
 -0.09532406  -0.00000000    -0.03891506  -0.00000000    -0.00000000   0.05715416
  0.00000000  -0.05402956    -0.00000000   0.05402956    -0.05460020  -0.00000000
    2    2
  0.20286703   0.00000000    -0.01487524   0.00000000    -0.00000000   0.01504984
 -0.01487524   0.00000000     0.20286703   0.00000000    -0.00000000  -0.01504984
  0.00000000  -0.01504984     0.00000000   0.01504984     0.22508585   0.00000000

     Dynamical  Matrix in cartesian axes

     q = (   -0.666666667  -0.666666667   0.000000000 ) 

    1    1
  0.15418463   0.00000000     0.00681743   0.00000000     0.00000000   0.01205495
  0.00681743   0.00000000     0.15418463   0.00000000     0.00000000   0.01205495
  0.00000000  -0.01205495     0.00000000  -0.01205495     0.20379062   0.00000000
    1    2
  0.01945753  -0.03370143    -0.04766203   0.08255306    -0.04679097  -0.02701478
 -0.04766203   0.08255306     0.01945753  -0.03370143    -0.04679097  -0.02701478
 -0.04949696  -0.02857708    -0.04949696  -0.02857708     0.02730010  -0.04728516
    2    1
  0.01945753   0.03370143    -0.04766203  -0.08255306    -0.04949696   0.02857708
 -0.04766203  -0.08255306     0.01945753   0.03370143    -0.04949696   0.02857708
 -0.04679097   0.02701478    -0.04679097   0.02701478     0.02730010   0.04728516
    2    2
  0.20286703   0.00000000     0.01487524   0.00000000     0.00000000   0.01504984
  0.01487524   0.00000000     0.20286703   0.00000000     0.00000000   0.01504984
  0.00000000  -0.01504984     0.00000000  -0.01504984     0.22508585   0.00000000

     Dynamical  Matrix in cartesian axes

     q = (   -0.666666667   0.666666667   0.000000000 ) 

    1    1
  0.15418463   0.00000000    -0.00681743   0.00000000     0.00000000  -0.01205495
 -0.00681743   0.00000000     0.15418463   0.00000000     0.00000000   0.01205495
 -0.00000000   0.01205495     0.00000000  -0.01205495     0.20379062   0.00000000
    1    2
 -0.03891506  -0.00000000    -0.09532406  -0.00000000     0.00000000  -0.05402956
 -0.09532406  -0.00000000    -0.03891506  -0.00000000     0.00000000   0.05402956
  0.00000000  -0.05715416    -0.00000000   0.05715416    -0.05460020  -0.00000000
    2    1
 -0.03891506   0.00000000    -0.09532406  -0.00000000     0.00000000   0.05715416
 -0.09532406  -0.00000000    -0.03891506   0.00000000     0.00000000  -0.05715416
  0.00000000   0.05402956    -0.00000000  -0.05402956    -0.05460020  -0.00000000
    2    2
  0.20286703   0.00000000    -0.01487524   0.00000000    -0.00000000  -0.01504984
 -0.01487524   0.00000000     0.20286703   0.00000000    -0.00000000   0.01504984
  0.00000000   0.01504984     0.00000000  -0.01504984     0.22508585   0.00000000

     Dynamical  Matrix in cartesian axes

     q = (    0.000000000   0.666666667   0.666666667 ) 

    1    1
  0.20379062   0.00000000     0.00000000   0.01205495    -0.00000000   0.01205495
  0.00000000  -0.01205495     0.15418463   0.00000000     0.00681743   0.00000000
  0.00000000  -0.01205495     0.00681743   0.00000000     0.15418463   0.00000000
    1    2
  0.02730010   0.04728516    -0.04949696   0.02857708    -0.04949696   0.02857708
 -0.04679097   0.02701478     0.01945753   0.03370143    -0.04766203  -0.08255306
 -0.04679097   0.02701478    -0.04766203  -0.08255306     0.01945753   0.03370143
    2    1
  0.02730010  -0.04728516    -0.04679097  -0.02701478    -0.04679097  -0.02701478
 -0.04949696  -0.02857708     0.01945753  -0.03370143    -0.04766203   0.08255306
 -0.04949696  -0.02857708    -0.04766203   0.08255306     0.01945753  -0.03370143
    2    2
  0.22508585   0.00000000     0.00000000   0.01504984     0.00000000   0.01504984
  0.00000000  -0.01504984     0.20286703   0.00000000     0.01487524   0.00000000
 -0.00000000  -0.01504984     0.01487524   0.00000000     0.20286703   0.00000000

     Dynamical  Matrix in cartesian axes

     q = (    0.000000000   0.666666667  -0.666666667 ) 

    1    1
  0.20379062   0.00000000     0.00000000  -0.01205495     0.00000000   0.01205495
 -0.00000000   0.01205495     0.15418463   0.00000000    -0.00681743   0.00000000
  0.00000000  -0.01205495    -0.00681743   0.00000000     0.15418463   0.00000000
    1    2
 -0.05460020  -0.00000000    -0.00000000   0.05715416    -0.00000000  -0.05715416
 -0.00000000   0.05402956    -0.03891506   0.00000000    -0.09532406  -0.00000000
  0.00000000  -0.05402956    -0.09532406  -0.00000000    -0.03891506  -0.00000000
    2    1
 -0.05460020   0.00000000    -0.00000000  -0.05402956     0.00000000   0.05402956
  0.00000000  -0.05715416    -0.03891506   0.00000000    -0.09532406   0.00000000
 -0.00000000   0.05715416    -0.09532406   0.00000000    -0.03891506   0.00000000
    2    2
  0.22508585   0.00000000    -0.00000000  -0.01504984     0.00000000   0.01504984
  0.00000000   0.01504984     0.20286703   0.00000000    -0.01487524   0.00000000
  0.00000000  -0.01504984    -0.01487524   0.00000000     0.20286703   0.00000000

     Dynamical  Matrix in cartesian axes

     q = (    0.000000000  -0.666666667  -0.666666667 ) 

    1    1
  0.20379062   0.00000000     0.00000000  -0.01205495    -0.00000000  -0.01205495
  0.00000000   0.01205495     0.15418463   0.00000000     0.00681743   0.00000000
  0.00000000   0.01205495     0.00681743   0.00000000     0.15418463   0.00000000
    1    2
  0.02730010  -0.04728516    -0.04949696  -0.02857708    -0.04949696  -0.02857708
 -0.04679097  -0.02701478     0.01945753  -0.03370143    -0.04766203   0.08255306
 -0.04679097  -0.02701478    -0.04766203   0.08255306     0.01945753  -0.03370143
    2    1
  0.02730010   0.04728516    -0.04679097   0.02701478    -0.04679097   0.02701478
 -0.04949696   0.02857708     0.01945753   0.03370143    -0.04766203  -0.08255306
 -0.04949696   0.02857708    -0.04766203  -0.08255306     0.01945753   0.03370143
    2    2
  0.22508585   0.00000000     0.00000000  -0.01504984     0.00000000  -0.01504984
  0.00000000   0.01504984     0.20286703   0.00000000     0.01487524   0.00000000
 -0.00000000   0.01504984     0.01487524   0.00000000     0.20286703   0.00000000

     Diagonalizing the dynamical matrix

     q = (    0.666666667  -0.000000000   0.666666667 ) 

 **************************************************************************
     freq (    1) =       2.295045 [THz] =      76.554453 [cm-1]
 ( -0.267078 -0.462593 -0.000000  0.000000  0.267078  0.462593 ) 
 (  0.463332 -0.000000 -0.000000  0.000000 -0.463332  0.000000 ) 
     freq (    2) =       3.219083 [THz] =     107.377045 [cm-1]
 (  0.226667  0.392599  0.415378 -0.239819  0.226667  0.392599 ) 
 (  0.306981 -0.000000 -0.000000  0.412856  0.306981  0.000000 ) 
     freq (    3) =       5.371167 [THz] =     179.162837 [cm-1]
 (  0.149661  0.259221 -0.376125  0.217156  0.149661  0.259221 ) 
 ( -0.434690 -0.000000  0.000000  0.504256 -0.434690  0.000000 ) 
     freq (    4) =       6.073463 [THz] =     202.588924 [cm-1]
 (  0.195514  0.338640 -0.501175  0.289354  0.195514  0.338640 ) 
 (  0.224958 -0.000000  0.000000 -0.508016  0.224958  0.000000 ) 
     freq (    5) =       7.044620 [THz] =     234.983240 [cm-1]
 (  0.241063  0.417533 -0.000000  0.000000 -0.241063 -0.417533 ) 
 (  0.517257  0.000000  0.000000  0.000000 -0.517257  0.000000 ) 
     freq (    6) =       7.497674 [THz] =     250.095489 [cm-1]
 (  0.130583  0.226177  0.459361 -0.265212  0.130583  0.226177 ) 
 ( -0.387340 -0.000000  0.000000 -0.531197 -0.387340  0.000000 ) 
 **************************************************************************
