Dynamical matrix file
default                                                                    
  2    2   2  10.8614620   0.0000000   0.0000000   0.0000000   0.0000000   0.0000000
           1  'Ga  '    63548.6269622649     
           2  'As  '    68286.8564472683     
    1    1      0.0000000000      0.0000000000      0.0000000000
    2    2      0.2500000000      0.2500000000      0.2500000000

     Dynamical  Matrix in cartesian axes

     q = (   -0.333333333   0.333333333  -0.333333333 ) 

    1    1
  0.18462391   0.00000000    -0.02133335   0.00000000     0.02133335   0.00000000
 -0.02133335   0.00000000     0.18462391   0.00000000    -0.02133335   0.00000000
  0.02133335   0.00000000    -0.02133335   0.00000000     0.18462391   0.00000000
    1    2
 -0.11366250  -0.03698483    -0.04021459   0.02801005     0.04021459  -0.02801005
 -0.04021459   0.02801005    -0.11366250  -0.03698483    -0.04021459   0.02801005
  0.04021459  -0.02801005    -0.04021459   0.02801005    -0.11366250  -0.03698483
    2    1
 -0.11366250   0.03698483    -0.04021459  -0.02801005     0.04021459   0.02801005
 -0.04021459  -0.02801005    -0.11366250   0.03698483    -0.04021459  -0.02801005
  0.04021459   0.02801005    -0.04021459  -0.02801005    -0.11366250   0.03698483
    2    2
  0.19857539   0.00000000    -0.01780103   0.00000000     0.01780103   0.00000000
 -0.01780103   0.00000000     0.19857539   0.00000000    -0.01780103   0.00000000
  0.01780103   0.00000000    -0.01780103   0.00000000     0.19857539   0.00000000

     Dynamical  Matrix in cartesian axes

     q = (    0.333333333  -0.333333333   0.333333333 ) 

    1    1
  0.18462391   0.00000000    -0.02133335   0.00000000     0.02133335   0.00000000
 -0.02133335   0.00000000     0.18462391   0.00000000    -0.02133335   0.00000000
  0.02133335   0.00000000    -0.02133335   0.00000000     0.18462391   0.00000000
    1    2
 -0.11366250   0.03698483    -0.04021459  -0.02801005     0.04021459   0.02801005
 -0.04021459  -0.02801005    -0.11366250   0.03698483    -0.04021459  -0.02801005
  0.04021459   0.02801005    -0.04021459  -0.02801005    -0.11366250   0.03698483
    2    1
 -0.11366250  -0.03698483    -0.04021459   0.02801005     0.04021459  -0.02801005
 -0.04021459   0.02801005    -0.11366250  -0.03698483    -0.04021459   0.02801005
  0.04021459  -0.02801005    -0.04021459   0.02801005    -0.11366250  -0.03698483
    2    2
  0.19857539   0.00000000    -0.01780103   0.00000000     0.01780103   0.00000000
 -0.01780103   0.00000000     0.19857539   0.00000000    -0.01780103   0.00000000
  0.01780103   0.00000000    -0.01780103   0.00000000     0.19857539   0.00000000

     Dynamical  Matrix in cartesian axes

     q = (    0.333333333  -0.333333333  -0.333333333 ) 

    1    1
  0.18462391   0.00000000    -0.02133335   0.00000000    -0.02133335   0.00000000
 -0.02133335   0.00000000     0.18462391   0.00000000     0.02133335   0.00000000
 -0.02133335   0.00000000     0.02133335   0.00000000     0.18462391   0.00000000
    1    2
 -0.11366250  -0.03698483    -0.04021459   0.02801005    -0.04021459   0.02801005
 -0.04021459   0.02801005    -0.11366250  -0.03698483     0.04021459  -0.02801005
 -0.04021459   0.02801005     0.04021459  -0.02801005    -0.11366250  -0.03698483
    2    1
 -0.11366250   0.03698483    -0.04021459  -0.02801005    -0.04021459  -0.02801005
 -0.04021459  -0.02801005    -0.11366250   0.03698483     0.04021459   0.02801005
 -0.04021459  -0.02801005     0.04021459   0.02801005    -0.11366250   0.03698483
    2    2
  0.19857539   0.00000000    -0.01780103   0.00000000    -0.01780103   0.00000000
 -0.01780103   0.00000000     0.19857539   0.00000000     0.01780103   0.00000000
 -0.01780103   0.00000000     0.01780103   0.00000000     0.19857539   0.00000000

     Dynamical  Matrix in cartesian axes

     q = (   -0.333333333   0.333333333   0.333333333 ) 

    1    1
  0.18462391   0.00000000    -0.02133335   0.00000000    -0.02133335   0.00000000
 -0.02133335   0.00000000     0.18462391   0.00000000     0.02133335   0.00000000
 -0.02133335   0.00000000     0.02133335   0.00000000     0.18462391   0.00000000
    1    2
 -0.11366250   0.03698483    -0.04021459  -0.02801005    -0.04021459  -0.02801005
 -0.04021459  -0.02801005    -0.11366250   0.03698483     0.04021459   0.02801005
 -0.04021459  -0.02801005     0.04021459   0.02801005    -0.11366250   0.03698483
    2    1
 -0.11366250  -0.03698483    -0.04021459   0.02801005    -0.04021459   0.02801005
 -0.04021459   0.02801005    -0.11366250  -0.03698483     0.04021459  -0.02801005
 -0.04021459   0.02801005     0.04021459  -0.02801005    -0.11366250  -0.03698483
    2    2
  0.19857539   0.00000000    -0.01780103   0.00000000    -0.01780103   0.00000000
 -0.01780103   0.00000000     0.19857539   0.00000000     0.01780103   0.00000000
 -0.01780103   0.00000000     0.01780103   0.00000000     0.19857539   0.00000000

     Dynamical  Matrix in cartesian axes

     q = (   -0.333333333  -0.333333333   0.333333333 ) 

    1    1
  0.18462391   0.00000000     0.02133335   0.00000000    -0.02133335   0.00000000
  0.02133335   0.00000000     0.18462391   0.00000000    -0.02133335   0.00000000
 -0.02133335   0.00000000    -0.02133335   0.00000000     0.18462391   0.00000000
    1    2
 -0.11366250  -0.03698483     0.04021459  -0.02801005    -0.04021459   0.02801005
  0.04021459  -0.02801005    -0.11366250  -0.03698483    -0.04021459   0.02801005
 -0.04021459   0.02801005    -0.04021459   0.02801005    -0.11366250  -0.03698483
    2    1
 -0.11366250   0.03698483     0.04021459   0.02801005    -0.04021459  -0.02801005
  0.04021459   0.02801005    -0.11366250   0.03698483    -0.04021459  -0.02801005
 -0.04021459  -0.02801005    -0.04021459  -0.02801005    -0.11366250   0.03698483
    2    2
  0.19857539   0.00000000     0.01780103   0.00000000    -0.01780103   0.00000000
  0.01780103   0.00000000     0.19857539   0.00000000    -0.01780103   0.00000000
 -0.01780103   0.00000000    -0.01780103   0.00000000     0.19857539   0.00000000

     Dynamical  Matrix in cartesian axes

     q = (    0.333333333   0.333333333  -0.333333333 ) 

    1    1
  0.18462391   0.00000000     0.02133335   0.00000000    -0.02133335   0.00000000
  0.02133335   0.00000000     0.18462391   0.00000000    -0.02133335   0.00000000
 -0.02133335   0.00000000    -0.02133335   0.00000000     0.18462391   0.00000000
    1    2
 -0.11366250   0.03698483     0.04021459   0.02801005    -0.04021459  -0.02801005
  0.04021459   0.02801005    -0.11366250   0.03698483    -0.04021459  -0.02801005
 -0.04021459  -0.02801005    -0.04021459  -0.02801005    -0.11366250   0.03698483
    2    1
 -0.11366250  -0.03698483     0.04021459  -0.02801005    -0.04021459   0.02801005
  0.04021459  -0.02801005    -0.11366250  -0.03698483    -0.04021459   0.02801005
 -0.04021459   0.02801005    -0.04021459   0.02801005    -0.11366250  -0.03698483
    2    2
  0.19857539   0.00000000     0.01780103   0.00000000    -0.01780103   0.00000000
  0.01780103   0.00000000     0.19857539   0.00000000    -0.01780103   0.00000000
 -0.01780103   0.00000000    -0.01780103   0.00000000     0.19857539   0.00000000

     Dynamical  Matrix in cartesian axes

     q = (    0.333333333   0.333333333   0.333333333 ) 

    1    1
  0.18462391   0.00000000     0.02133335   0.00000000     0.02133335   0.00000000
  0.02133335   0.00000000     0.18462391   0.00000000     0.02133335   0.00000000
  0.02133335   0.00000000     0.02133335   0.00000000     0.18462391   0.00000000
    1    2
  0.02480145   0.11692702    -0.04436471  -0.02082183    -0.04436471  -0.02082183
 -0.04436471  -0.02082183     0.02480145   0.11692702    -0.04436471  -0.02082183
 -0.04436471  -0.02082183    -0.04436471  -0.02082183     0.02480145   0.11692702
    2    1
  0.02480145  -0.11692702    -0.04436471   0.02082183    -0.04436471   0.02082183
 -0.04436471   0.02082183     0.02480145  -0.11692702    -0.04436471   0.02082183
 -0.04436471   0.02082183    -0.04436471   0.02082183     0.02480145  -0.11692702
    2    2
  0.19857539   0.00000000     0.01780103   0.00000000     0.01780103   0.00000000
  0.01780103   0.00000000     0.19857539   0.00000000     0.01780103   0.00000000
  0.01780103   0.00000000     0.01780103   0.00000000     0.19857539   0.00000000

     Dynamical  Matrix in cartesian axes

     q = (   -0.333333333  -0.333333333  -0.333333333 ) 

    1    1
  0.18462391   0.00000000     0.02133335   0.00000000     0.02133335   0.00000000
  0.02133335   0.00000000     0.18462391   0.00000000     0.02133335   0.00000000
  0.02133335   0.00000000     0.02133335   0.00000000     0.18462391   0.00000000
    1    2
  0.02480145  -0.11692702    -0.04436471   0.02082183    -0.04436471   0.02082183
 -0.04436471   0.02082183     0.02480145  -0.11692702    -0.04436471   0.02082183
 -0.04436471   0.02082183    -0.04436471   0.02082183     0.02480145  -0.11692702
    2    1
  0.02480145   0.11692702    -0.04436471  -0.02082183    -0.04436471  -0.02082183
 -0.04436471  -0.02082183     0.02480145   0.11692702    -0.04436471  -0.02082183
 -0.04436471  -0.02082183    -0.04436471  -0.02082183     0.02480145   0.11692702
    2    2
  0.19857539   0.00000000     0.01780103   0.00000000     0.01780103   0.00000000
  0.01780103   0.00000000     0.19857539   0.00000000     0.01780103   0.00000000
  0.01780103   0.00000000     0.01780103   0.00000000     0.19857539   0.00000000

     Diagonalizing the dynamical matrix

     q = (   -0.333333333   0.333333333  -0.333333333 ) 

 **************************************************************************
     freq (    1) =       1.703827 [THz] =      56.833542 [cm-1]
 (  0.585660  0.064864  0.341763  0.050639 -0.243897 -0.014225 ) 
 (  0.558309  0.029084  0.326509  0.029084 -0.231800  0.000000 ) 
     freq (    2) =       1.703827 [THz] =      56.833542 [cm-1]
 (  0.059377 -0.010440 -0.479293 -0.041857 -0.538669 -0.031418 ) 
 (  0.055664 -0.013169 -0.456289 -0.013169 -0.511953  0.000000 ) 
     freq (    3) =       4.654758 [THz] =     155.266008 [cm-1]
 (  0.136466  0.381905 -0.136466 -0.381905  0.136466  0.381905 ) 
 (  0.410925  0.000000 -0.410925 -0.000000  0.410925  0.000000 ) 
     freq (    4) =       7.318394 [THz] =     244.115344 [cm-1]
 ( -0.503647 -0.041306 -0.502595 -0.041245  0.001052  0.000061 ) 
 (  0.495519  0.011683  0.494485  0.011683 -0.001034  0.000000 ) 
     freq (    5) =       7.318394 [THz] =     244.115344 [cm-1]
 (  0.290049  0.016895 -0.291868 -0.017045 -0.581917 -0.033940 ) 
 ( -0.284974  0.000021  0.286764  0.000021  0.571739  0.000000 ) 
     freq (    6) =       7.359290 [THz] =     245.479506 [cm-1]
 (  0.143082  0.400422 -0.143082 -0.400422  0.143082  0.400422 ) 
 ( -0.390542 -0.000000  0.390542  0.000000 -0.390542  0.000000 ) 
 **************************************************************************
