Dynamical matrix file
default                                                                    
  2    2   2  10.8614620   0.0000000   0.0000000   0.0000000   0.0000000   0.0000000
           1  'Ga  '    63548.6269622649     
           2  'As  '    68286.8564472683     
    1    1      0.0000000000      0.0000000000      0.0000000000
    2    2      0.2500000000      0.2500000000      0.2500000000

     Dynamical  Matrix in cartesian axes

     q = (    0.000000000   0.666666667   0.000000000 ) 

    1    1
  0.14369846   0.00000000     0.00000000   0.00000000    -0.00000000   0.00000000
  0.00000000   0.00000000     0.24899379   0.00000000    -0.00000000   0.00000000
 -0.00000000   0.00000000     0.00000000   0.00000000     0.14369846   0.00000000
    1    2
 -0.03989899   0.06910708     0.00000000   0.00000000    -0.09439188  -0.05449718
  0.00000000  -0.00000000    -0.05133156   0.08890886     0.00000000   0.00000000
 -0.09439188  -0.05449718     0.00000000   0.00000000    -0.03989899   0.06910708
    2    1
 -0.03989899  -0.06910708     0.00000000  -0.00000000    -0.09439188   0.05449718
  0.00000000   0.00000000    -0.05133156  -0.08890886    -0.00000000   0.00000000
 -0.09439188   0.05449718     0.00000000  -0.00000000    -0.03989899  -0.06910708
    2    2
  0.18884528   0.00000000    -0.00000000   0.00000000     0.00000000   0.00000000
  0.00000000   0.00000000     0.23330141   0.00000000     0.00000000   0.00000000
  0.00000000   0.00000000    -0.00000000   0.00000000     0.18884528   0.00000000

     Dynamical  Matrix in cartesian axes

     q = (   -0.666666667   0.000000000   0.000000000 ) 

    1    1
  0.24899379   0.00000000     0.00000000   0.00000000     0.00000000   0.00000000
  0.00000000   0.00000000     0.14369846   0.00000000     0.00000000   0.00000000
  0.00000000   0.00000000     0.00000000   0.00000000     0.14369846   0.00000000
    1    2
 -0.05133156  -0.08890886    -0.00000000   0.00000000    -0.00000000   0.00000000
  0.00000000   0.00000000    -0.03989899  -0.06910708    -0.09439188   0.05449718
 -0.00000000   0.00000000    -0.09439188   0.05449718    -0.03989899  -0.06910708
    2    1
 -0.05133156   0.08890886    -0.00000000   0.00000000     0.00000000   0.00000000
  0.00000000   0.00000000    -0.03989899   0.06910708    -0.09439188  -0.05449718
  0.00000000   0.00000000    -0.09439188  -0.05449718    -0.03989899   0.06910708
    2    2
  0.23330141   0.00000000     0.00000000   0.00000000     0.00000000   0.00000000
 -0.00000000   0.00000000     0.18884528   0.00000000     0.00000000   0.00000000
  0.00000000   0.00000000     0.00000000   0.00000000     0.18884528   0.00000000

     Dynamical  Matrix in cartesian axes

     q = (    0.000000000  -0.666666667   0.000000000 ) 

    1    1
  0.14369846   0.00000000     0.00000000   0.00000000    -0.00000000   0.00000000
  0.00000000   0.00000000     0.24899379   0.00000000    -0.00000000   0.00000000
 -0.00000000   0.00000000     0.00000000   0.00000000     0.14369846   0.00000000
    1    2
 -0.03989899  -0.06910708    -0.00000000  -0.00000000    -0.09439188   0.05449718
 -0.00000000   0.00000000    -0.05133156  -0.08890886    -0.00000000  -0.00000000
 -0.09439188   0.05449718    -0.00000000  -0.00000000    -0.03989899  -0.06910708
    2    1
 -0.03989899   0.06910708    -0.00000000   0.00000000    -0.09439188  -0.05449718
  0.00000000  -0.00000000    -0.05133156   0.08890886    -0.00000000   0.00000000
 -0.09439188  -0.05449718     0.00000000   0.00000000    -0.03989899   0.06910708
    2    2
  0.18884528   0.00000000     0.00000000   0.00000000     0.00000000   0.00000000
  0.00000000   0.00000000     0.23330141   0.00000000     0.00000000   0.00000000
  0.00000000   0.00000000     0.00000000   0.00000000     0.18884528   0.00000000

     Dynamical  Matrix in cartesian axes

     q = (    0.000000000   0.000000000   0.666666667 ) 

    1    1
  0.14369846   0.00000000    -0.00000000   0.00000000    -0.00000000   0.00000000
 -0.00000000   0.00000000     0.14369846   0.00000000    -0.00000000   0.00000000
  0.00000000   0.00000000     0.00000000   0.00000000     0.24899379   0.00000000
    1    2
 -0.03989899   0.06910708    -0.09439188  -0.05449718     0.00000000   0.00000000
 -0.09439188  -0.05449718    -0.03989899   0.06910708     0.00000000   0.00000000
 -0.00000000   0.00000000     0.00000000  -0.00000000    -0.05133156   0.08890886
    2    1
 -0.03989899  -0.06910708    -0.09439188   0.05449718     0.00000000   0.00000000
 -0.09439188   0.05449718    -0.03989899  -0.06910708     0.00000000   0.00000000
 -0.00000000   0.00000000     0.00000000   0.00000000    -0.05133156  -0.08890886
    2    2
  0.18884528   0.00000000     0.00000000   0.00000000    -0.00000000   0.00000000
  0.00000000   0.00000000     0.18884528   0.00000000    -0.00000000   0.00000000
 -0.00000000   0.00000000     0.00000000   0.00000000     0.23330141   0.00000000

     Dynamical  Matrix in cartesian axes

     q = (    0.000000000   0.000000000  -0.666666667 ) 

    1    1
  0.14369846   0.00000000    -0.00000000   0.00000000    -0.00000000   0.00000000
 -0.00000000   0.00000000     0.14369846   0.00000000    -0.00000000   0.00000000
  0.00000000   0.00000000     0.00000000   0.00000000     0.24899379   0.00000000
    1    2
 -0.03989899  -0.06910708    -0.09439188   0.05449718     0.00000000   0.00000000
 -0.09439188   0.05449718    -0.03989899  -0.06910708     0.00000000   0.00000000
  0.00000000  -0.00000000     0.00000000   0.00000000    -0.05133156  -0.08890886
    2    1
 -0.03989899   0.06910708    -0.09439188  -0.05449718     0.00000000  -0.00000000
 -0.09439188  -0.05449718    -0.03989899   0.06910708     0.00000000   0.00000000
 -0.00000000   0.00000000     0.00000000   0.00000000    -0.05133156   0.08890886
    2    2
  0.18884528   0.00000000     0.00000000   0.00000000    -0.00000000   0.00000000
  0.00000000   0.00000000     0.18884528   0.00000000    -0.00000000   0.00000000
  0.00000000   0.00000000    -0.00000000   0.00000000     0.23330141   0.00000000

     Dynamical  Matrix in cartesian axes

     q = (    0.666666667   0.000000000   0.000000000 ) 

    1    1
  0.24899379   0.00000000     0.00000000   0.00000000     0.00000000   0.00000000
  0.00000000   0.00000000     0.14369846   0.00000000     0.00000000   0.00000000
  0.00000000   0.00000000     0.00000000   0.00000000     0.14369846   0.00000000
    1    2
 -0.05133156   0.08890886     0.00000000  -0.00000000     0.00000000   0.00000000
  0.00000000   0.00000000    -0.03989899   0.06910708    -0.09439188  -0.05449718
  0.00000000  -0.00000000    -0.09439188  -0.05449718    -0.03989899   0.06910708
    2    1
 -0.05133156  -0.08890886     0.00000000   0.00000000     0.00000000   0.00000000
  0.00000000   0.00000000    -0.03989899  -0.06910708    -0.09439188   0.05449718
  0.00000000   0.00000000    -0.09439188   0.05449718    -0.03989899  -0.06910708
    2    2
  0.23330141   0.00000000     0.00000000   0.00000000     0.00000000   0.00000000
  0.00000000   0.00000000     0.18884528   0.00000000    -0.00000000   0.00000000
  0.00000000   0.00000000    -0.00000000   0.00000000     0.18884528   0.00000000

     Diagonalizing the dynamical matrix

     q = (    0.000000000   0.666666667   0.000000000 ) 

 **************************************************************************
     freq (    1) =       2.200306 [THz] =      73.394317 [cm-1]
 (  0.085215  0.356545 -0.000000 -0.000000 -0.594169  0.302022 ) 
 ( -0.384494  0.511712 -0.000000 -0.000000 -0.108051  0.000000 ) 
     freq (    2) =       2.200306 [THz] =      73.394317 [cm-1]
 ( -0.553447 -0.371417  0.000000  0.000000 -0.127556  0.343679 ) 
 (  0.064907 -0.086383  0.000000  0.000000 -0.640066  0.000000 ) 
     freq (    3) =       4.754726 [THz] =     158.600581 [cm-1]
 (  0.000000  0.000000  0.179729 -0.637072 -0.000000  0.000000 ) 
 (  0.000000  0.000000  0.726509 -0.184447  0.000000  0.000000 ) 
     freq (    4) =       7.040100 [THz] =     234.832442 [cm-1]
 ( -0.427493  0.109716  0.000000  0.000000 -0.220216 -0.462042 ) 
 (  0.570010  0.458372  0.000000 -0.000000  0.090652  0.000000 ) 
     freq (    5) =       7.040100 [THz] =     234.832442 [cm-1]
 ( -0.422891 -0.288342  0.000000 -0.000000 -0.173856  0.405663 ) 
 ( -0.070644 -0.056808 -0.000000  0.000000  0.731448  0.000000 ) 
     freq (    6) =       7.534983 [THz] =     251.339973 [cm-1]
 ( -0.000000 -0.000000  0.379803 -0.672771  0.000000 -0.000000 ) 
 (  0.000000  0.000000 -0.634895  0.006136 -0.000000  0.000000 ) 
 **************************************************************************
