Dynamical matrix file
default                                                                    
  2    2   2  10.8614620   0.0000000   0.0000000   0.0000000   0.0000000   0.0000000
           1  'Ga  '    63548.6269622649     
           2  'As  '    68286.8564472683     
    1    1      0.0000000000      0.0000000000      0.0000000000
    2    2      0.2500000000      0.2500000000      0.2500000000

     Dynamical  Matrix in cartesian axes

     q = (    0.000000000   0.333333333   0.000000000 ) 

    1    1
  0.15854851   0.00000000    -0.00000000   0.00000000     0.00000000   0.00000000
 -0.00000000   0.00000000     0.21606419   0.00000000     0.00000000   0.00000000
  0.00000000   0.00000000    -0.00000000   0.00000000     0.15854851   0.00000000
    1    2
 -0.12441515   0.07183112     0.00000000   0.00000000    -0.02650280  -0.04590419
  0.00000000   0.00000000    -0.15279901   0.08821855     0.00000000   0.00000000
 -0.02650280  -0.04590419     0.00000000   0.00000000    -0.12441515   0.07183112
    2    1
 -0.12441515  -0.07183112     0.00000000   0.00000000    -0.02650280   0.04590419
  0.00000000  -0.00000000    -0.15279901  -0.08821855     0.00000000  -0.00000000
 -0.02650280   0.04590419     0.00000000   0.00000000    -0.12441515  -0.07183112
    2    2
  0.17991205   0.00000000     0.00000000   0.00000000     0.00000000  -0.00000000
  0.00000000   0.00000000     0.21346929   0.00000000     0.00000000   0.00000000
  0.00000000  -0.00000000     0.00000000   0.00000000     0.17991205   0.00000000

     Dynamical  Matrix in cartesian axes

     q = (   -0.333333333   0.000000000   0.000000000 ) 

    1    1
  0.21606419   0.00000000    -0.00000000   0.00000000     0.00000000   0.00000000
 -0.00000000   0.00000000     0.15854851   0.00000000     0.00000000  -0.00000000
  0.00000000   0.00000000    -0.00000000  -0.00000000     0.15854851   0.00000000
    1    2
 -0.15279901  -0.08821855     0.00000000  -0.00000000     0.00000000   0.00000000
  0.00000000   0.00000000    -0.12441515  -0.07183112    -0.02650280   0.04590419
  0.00000000   0.00000000    -0.02650280   0.04590419    -0.12441515  -0.07183112
    2    1
 -0.15279901   0.08821855     0.00000000   0.00000000     0.00000000  -0.00000000
  0.00000000   0.00000000    -0.12441515   0.07183112    -0.02650280  -0.04590419
  0.00000000   0.00000000    -0.02650280  -0.04590419    -0.12441515   0.07183112
    2    2
  0.21346929   0.00000000     0.00000000   0.00000000     0.00000000   0.00000000
  0.00000000   0.00000000     0.17991205   0.00000000     0.00000000   0.00000000
  0.00000000   0.00000000     0.00000000   0.00000000     0.17991205   0.00000000

     Dynamical  Matrix in cartesian axes

     q = (    0.000000000  -0.333333333   0.000000000 ) 

    1    1
  0.15854851   0.00000000    -0.00000000   0.00000000     0.00000000  -0.00000000
 -0.00000000   0.00000000     0.21606419   0.00000000     0.00000000   0.00000000
  0.00000000  -0.00000000    -0.00000000   0.00000000     0.15854851   0.00000000
    1    2
 -0.12441515  -0.07183112    -0.00000000   0.00000000    -0.02650280   0.04590419
 -0.00000000  -0.00000000    -0.15279901  -0.08821855     0.00000000   0.00000000
 -0.02650280   0.04590419     0.00000000  -0.00000000    -0.12441515  -0.07183112
    2    1
 -0.12441515   0.07183112    -0.00000000  -0.00000000    -0.02650280  -0.04590419
 -0.00000000   0.00000000    -0.15279901   0.08821855     0.00000000  -0.00000000
 -0.02650280  -0.04590419     0.00000000   0.00000000    -0.12441515   0.07183112
    2    2
  0.17991205   0.00000000     0.00000000   0.00000000     0.00000000   0.00000000
  0.00000000   0.00000000     0.21346929   0.00000000     0.00000000   0.00000000
  0.00000000   0.00000000     0.00000000   0.00000000     0.17991205   0.00000000

     Dynamical  Matrix in cartesian axes

     q = (    0.000000000   0.000000000   0.333333333 ) 

    1    1
  0.15854851   0.00000000     0.00000000   0.00000000     0.00000000   0.00000000
  0.00000000   0.00000000     0.15854851   0.00000000     0.00000000   0.00000000
  0.00000000   0.00000000     0.00000000   0.00000000     0.21606419   0.00000000
    1    2
 -0.12441515   0.07183112    -0.02650280  -0.04590419    -0.00000000   0.00000000
 -0.02650280  -0.04590419    -0.12441515   0.07183112    -0.00000000   0.00000000
 -0.00000000  -0.00000000    -0.00000000  -0.00000000    -0.15279901   0.08821855
    2    1
 -0.12441515  -0.07183112    -0.02650280   0.04590419    -0.00000000   0.00000000
 -0.02650280   0.04590419    -0.12441515  -0.07183112    -0.00000000   0.00000000
 -0.00000000   0.00000000    -0.00000000   0.00000000    -0.15279901  -0.08821855
    2    2
  0.17991205   0.00000000     0.00000000  -0.00000000     0.00000000   0.00000000
  0.00000000  -0.00000000     0.17991205   0.00000000     0.00000000   0.00000000
  0.00000000   0.00000000     0.00000000   0.00000000     0.21346929   0.00000000

     Dynamical  Matrix in cartesian axes

     q = (    0.000000000   0.000000000  -0.333333333 ) 

    1    1
  0.15854851   0.00000000     0.00000000  -0.00000000     0.00000000   0.00000000
  0.00000000  -0.00000000     0.15854851   0.00000000     0.00000000   0.00000000
  0.00000000   0.00000000     0.00000000   0.00000000     0.21606419   0.00000000
    1    2
 -0.12441515  -0.07183112    -0.02650280   0.04590419    -0.00000000   0.00000000
 -0.02650280   0.04590419    -0.12441515  -0.07183112     0.00000000   0.00000000
 -0.00000000  -0.00000000     0.00000000   0.00000000    -0.15279901  -0.08821855
    2    1
 -0.12441515   0.07183112    -0.02650280  -0.04590419    -0.00000000  -0.00000000
 -0.02650280  -0.04590419    -0.12441515   0.07183112     0.00000000  -0.00000000
 -0.00000000   0.00000000     0.00000000  -0.00000000    -0.15279901   0.08821855
    2    2
  0.17991205   0.00000000     0.00000000   0.00000000     0.00000000   0.00000000
  0.00000000   0.00000000     0.17991205   0.00000000     0.00000000   0.00000000
  0.00000000   0.00000000     0.00000000   0.00000000     0.21346929   0.00000000

     Dynamical  Matrix in cartesian axes

     q = (    0.333333333   0.000000000   0.000000000 ) 

    1    1
  0.21606419   0.00000000    -0.00000000   0.00000000     0.00000000   0.00000000
 -0.00000000   0.00000000     0.15854851   0.00000000     0.00000000   0.00000000
  0.00000000   0.00000000    -0.00000000   0.00000000     0.15854851   0.00000000
    1    2
 -0.15279901   0.08821855     0.00000000   0.00000000     0.00000000   0.00000000
  0.00000000  -0.00000000    -0.12441515   0.07183112    -0.02650280  -0.04590419
  0.00000000  -0.00000000    -0.02650280  -0.04590419    -0.12441515   0.07183112
    2    1
 -0.15279901  -0.08821855     0.00000000   0.00000000     0.00000000  -0.00000000
  0.00000000  -0.00000000    -0.12441515  -0.07183112    -0.02650280   0.04590419
  0.00000000   0.00000000    -0.02650280   0.04590419    -0.12441515  -0.07183112
    2    2
  0.21346929   0.00000000     0.00000000   0.00000000     0.00000000   0.00000000
  0.00000000   0.00000000     0.17991205   0.00000000     0.00000000  -0.00000000
  0.00000000   0.00000000     0.00000000  -0.00000000     0.17991205   0.00000000

     Diagonalizing the dynamical matrix

     q = (    0.000000000   0.333333333   0.000000000 ) 

 **************************************************************************
     freq (    1) =       1.609010 [THz] =      53.670808 [cm-1]
 ( -0.173108  0.553930 -0.000000  0.000000 -0.437232  0.070569 ) 
 ( -0.425945  0.479429 -0.000000 -0.000000 -0.236141  0.000000 ) 
     freq (    2) =       1.609010 [THz] =      53.670808 [cm-1]
 (  0.070904  0.437178  0.000000 -0.000000  0.471083 -0.338947 ) 
 ( -0.156840  0.176533  0.000000  0.000000  0.641312  0.000000 ) 
     freq (    3) =       2.507994 [THz] =      83.657664 [cm-1]
 ( -0.000000  0.000000  0.653401 -0.255910 -0.000000  0.000000 ) 
 ( -0.000000  0.000000  0.704413  0.106680 -0.000000  0.000000 ) 
     freq (    4) =       7.275212 [THz] =     242.674937 [cm-1]
 ( -0.130097 -0.396570  0.000000 -0.000000 -0.480008  0.313609 ) 
 ( -0.090723  0.183973 -0.000000 -0.000000  0.674516  0.000000 ) 
     freq (    5) =       7.275212 [THz] =     242.674937 [cm-1]
 ( -0.005929 -0.573344 -0.000000 -0.000000  0.402012 -0.112156 ) 
 ( -0.298323  0.604959 -0.000000 -0.000000 -0.205126  0.000000 ) 
     freq (    6) =       8.021333 [THz] =     267.562882 [cm-1]
 (  0.000000 -0.000000 -0.686405  0.268837 -0.000000  0.000000 ) 
 ( -0.000000  0.000000  0.668085  0.101179  0.000000  0.000000 ) 
 **************************************************************************
