Dynamical matrix file
default                                                                    
  2    2   2  10.8614620   0.0000000   0.0000000   0.0000000   0.0000000   0.0000000
           1  'Ga  '    63548.6269622649     
           2  'As  '    68286.8564472683     
    1    1      0.0000000000      0.0000000000      0.0000000000
    2    2      0.2500000000      0.2500000000      0.2500000000

     Dynamical  Matrix in cartesian axes

     q = (    0.666666667  -0.333333333   1.000000000 ) 

    1    1
  0.14595696   0.00000000    -0.00852167  -0.00000000     0.00000000  -0.00402795
 -0.00852167   0.00000000     0.20021299  -0.00000000     0.00000000   0.01628191
  0.00000000   0.00402795    -0.00000000  -0.01628191     0.16372034   0.00000000
    1    2
 -0.06009683   0.03469692    -0.04787184   0.02763882    -0.04787001  -0.08291330
 -0.03931413   0.02269802    -0.06885631   0.03975421     0.01197739   0.02074545
 -0.04757295  -0.08239877     0.02142927   0.03711658    -0.06487310   0.03745450
    2    1
 -0.06009683  -0.03469692    -0.03931413  -0.02269802    -0.04757295   0.08239877
 -0.04787184  -0.02763882    -0.06885631  -0.03975421     0.02142927  -0.03711658
 -0.04787001   0.08291330     0.01197739  -0.02074545    -0.06487310  -0.03745450
    2    2
  0.19696370   0.00000000    -0.01259058   0.00000000     0.00000000  -0.00310671
 -0.01259058   0.00000000     0.22101201   0.00000000     0.00000000   0.02165593
  0.00000000   0.00310671     0.00000000  -0.02165593     0.20540609   0.00000000

     Dynamical  Matrix in cartesian axes

     q = (    1.000000000  -0.333333333   0.666666667 ) 

    1    1
  0.16372034  -0.00000000     0.00000000  -0.01628191     0.00000000   0.00402795
  0.00000000   0.01628191     0.20021299   0.00000000    -0.00852167  -0.00000000
  0.00000000  -0.00402795    -0.00852167  -0.00000000     0.14595696  -0.00000000
    1    2
 -0.06487310   0.03745450     0.02142927   0.03711658    -0.04757295  -0.08239877
  0.01197739   0.02074545    -0.06885631   0.03975421    -0.03931413   0.02269802
 -0.04787001  -0.08291330    -0.04787184   0.02763882    -0.06009683   0.03469692
    2    1
 -0.06487310  -0.03745450     0.01197739  -0.02074545    -0.04787001   0.08291330
  0.02142927  -0.03711658    -0.06885631  -0.03975421    -0.04787184  -0.02763882
 -0.04757295   0.08239877    -0.03931413  -0.02269802    -0.06009683  -0.03469692
    2    2
  0.20540609   0.00000000     0.00000000  -0.02165593    -0.00000000   0.00310671
 -0.00000000   0.02165593     0.22101201   0.00000000    -0.01259058   0.00000000
 -0.00000000  -0.00310671    -0.01259058  -0.00000000     0.19696370   0.00000000

     Dynamical  Matrix in cartesian axes

     q = (   -0.666666667  -0.333333333  -1.000000000 ) 

    1    1
  0.14595696  -0.00000000     0.00852167   0.00000000     0.00000000  -0.00402795
  0.00852167   0.00000000     0.20021299  -0.00000000     0.00000000  -0.01628191
  0.00000000   0.00402795     0.00000000   0.01628191     0.16372034  -0.00000000
    1    2
  0.00000000   0.06939384     0.00000000  -0.05527764    -0.09574003   0.00000000
  0.00000000  -0.04539604     0.00000000   0.07950842    -0.02395478   0.00000000
 -0.09514591   0.00000000    -0.04285854   0.00000000     0.00000000   0.07490900
    2    1
  0.00000000  -0.06939384    -0.00000000   0.04539604    -0.09514591  -0.00000000
 -0.00000000   0.05527764     0.00000000  -0.07950842    -0.04285854   0.00000000
 -0.09574003  -0.00000000    -0.02395478   0.00000000     0.00000000  -0.07490900
    2    2
  0.19696370   0.00000000     0.01259058  -0.00000000    -0.00000000  -0.00310671
  0.01259058  -0.00000000     0.22101201   0.00000000    -0.00000000  -0.02165593
 -0.00000000   0.00310671    -0.00000000   0.02165593     0.20540609   0.00000000

     Dynamical  Matrix in cartesian axes

     q = (   -1.000000000  -0.333333333  -0.666666667 ) 

    1    1
  0.16372034   0.00000000     0.00000000   0.01628191     0.00000000   0.00402795
 -0.00000000  -0.01628191     0.20021299  -0.00000000     0.00852167   0.00000000
  0.00000000  -0.00402795     0.00852167   0.00000000     0.14595696  -0.00000000
    1    2
  0.00000000   0.07490900    -0.04285854   0.00000000    -0.09514591   0.00000000
 -0.02395478   0.00000000     0.00000000   0.07950842    -0.00000000  -0.04539604
 -0.09574003   0.00000000     0.00000000  -0.05527764     0.00000000   0.06939384
    2    1
  0.00000000  -0.07490900    -0.02395478  -0.00000000    -0.09574003  -0.00000000
 -0.04285854  -0.00000000     0.00000000  -0.07950842    -0.00000000   0.05527764
 -0.09514591  -0.00000000    -0.00000000   0.04539604     0.00000000  -0.06939384
    2    2
  0.20540609   0.00000000    -0.00000000   0.02165593     0.00000000   0.00310671
  0.00000000  -0.02165593     0.22101201   0.00000000     0.01259058  -0.00000000
  0.00000000  -0.00310671     0.01259058   0.00000000     0.19696370   0.00000000

     Dynamical  Matrix in cartesian axes

     q = (   -1.000000000   0.333333333   0.666666667 ) 

    1    1
  0.16372034   0.00000000     0.00000000  -0.01628191     0.00000000  -0.00402795
 -0.00000000   0.01628191     0.20021299   0.00000000     0.00852167   0.00000000
  0.00000000   0.00402795     0.00852167   0.00000000     0.14595696  -0.00000000
    1    2
 -0.00000000  -0.07490900    -0.04285854   0.00000000    -0.09514591   0.00000000
 -0.02395478   0.00000000    -0.00000000  -0.07950842     0.00000000   0.04539604
 -0.09574003   0.00000000    -0.00000000   0.05527764     0.00000000  -0.06939384
    2    1
 -0.00000000   0.07490900    -0.02395478   0.00000000    -0.09574003  -0.00000000
 -0.04285854   0.00000000    -0.00000000   0.07950842     0.00000000  -0.05527764
 -0.09514591  -0.00000000    -0.00000000  -0.04539604     0.00000000   0.06939384
    2    2
  0.20540609   0.00000000    -0.00000000  -0.02165593     0.00000000  -0.00310671
  0.00000000   0.02165593     0.22101201   0.00000000     0.01259058  -0.00000000
  0.00000000   0.00310671     0.01259058  -0.00000000     0.19696370   0.00000000

     Dynamical  Matrix in cartesian axes

     q = (    1.000000000   0.333333333  -0.666666667 ) 

    1    1
  0.16372034   0.00000000     0.00000000   0.01628191     0.00000000  -0.00402795
  0.00000000  -0.01628191     0.20021299  -0.00000000    -0.00852167  -0.00000000
  0.00000000   0.00402795    -0.00852167  -0.00000000     0.14595696  -0.00000000
    1    2
 -0.06487310  -0.03745450     0.02142927  -0.03711658    -0.04757295   0.08239877
  0.01197739  -0.02074545    -0.06885631  -0.03975421    -0.03931413  -0.02269802
 -0.04787001   0.08291330    -0.04787184  -0.02763882    -0.06009683  -0.03469692
    2    1
 -0.06487310   0.03745450     0.01197739   0.02074545    -0.04787001  -0.08291330
  0.02142927   0.03711658    -0.06885631   0.03975421    -0.04787184   0.02763882
 -0.04757295  -0.08239877    -0.03931413   0.02269802    -0.06009683   0.03469692
    2    2
  0.20540609   0.00000000     0.00000000   0.02165593    -0.00000000  -0.00310671
 -0.00000000  -0.02165593     0.22101201   0.00000000    -0.01259058   0.00000000
 -0.00000000   0.00310671    -0.01259058   0.00000000     0.19696370   0.00000000

     Dynamical  Matrix in cartesian axes

     q = (   -0.666666667   0.333333333   1.000000000 ) 

    1    1
  0.14595696  -0.00000000    -0.00852167   0.00000000     0.00000000   0.00402795
 -0.00852167  -0.00000000     0.20021299   0.00000000     0.00000000  -0.01628191
  0.00000000  -0.00402795    -0.00000000   0.01628191     0.16372034   0.00000000
    1    2
 -0.06009683  -0.03469692    -0.04787184  -0.02763882    -0.04787001   0.08291330
 -0.03931413  -0.02269802    -0.06885631  -0.03975421     0.01197739  -0.02074545
 -0.04757295   0.08239877     0.02142927  -0.03711658    -0.06487310  -0.03745450
    2    1
 -0.06009683   0.03469692    -0.03931413   0.02269802    -0.04757295  -0.08239877
 -0.04787184   0.02763882    -0.06885631   0.03975421     0.02142927   0.03711658
 -0.04787001  -0.08291330     0.01197739   0.02074545    -0.06487310   0.03745450
    2    2
  0.19696370   0.00000000    -0.01259058   0.00000000     0.00000000   0.00310671
 -0.01259058   0.00000000     0.22101201   0.00000000     0.00000000  -0.02165593
  0.00000000  -0.00310671     0.00000000   0.02165593     0.20540609   0.00000000

     Dynamical  Matrix in cartesian axes

     q = (    0.666666667   0.333333333  -1.000000000 ) 

    1    1
  0.14595696  -0.00000000     0.00852167   0.00000000     0.00000000   0.00402795
  0.00852167   0.00000000     0.20021299  -0.00000000     0.00000000   0.01628191
  0.00000000  -0.00402795     0.00000000  -0.01628191     0.16372034   0.00000000
    1    2
  0.00000000  -0.06939384    -0.00000000   0.05527764    -0.09574003   0.00000000
 -0.00000000   0.04539604     0.00000000  -0.07950842    -0.02395478   0.00000000
 -0.09514591   0.00000000    -0.04285854  -0.00000000    -0.00000000  -0.07490900
    2    1
 -0.00000000   0.06939384     0.00000000  -0.04539604    -0.09514591  -0.00000000
  0.00000000  -0.05527764    -0.00000000   0.07950842    -0.04285854  -0.00000000
 -0.09574003  -0.00000000    -0.02395478  -0.00000000     0.00000000   0.07490900
    2    2
  0.19696370   0.00000000     0.01259058  -0.00000000    -0.00000000   0.00310671
  0.01259058  -0.00000000     0.22101201   0.00000000    -0.00000000   0.02165593
 -0.00000000  -0.00310671    -0.00000000  -0.02165593     0.20540609   0.00000000

     Dynamical  Matrix in cartesian axes

     q = (    1.000000000   0.666666667  -0.333333333 ) 

    1    1
  0.16372034   0.00000000     0.00000000   0.00402795     0.00000000  -0.01628191
  0.00000000  -0.00402795     0.14595696  -0.00000000    -0.00852167   0.00000000
 -0.00000000   0.01628191    -0.00852167  -0.00000000     0.20021299  -0.00000000
    1    2
 -0.06487310   0.03745450    -0.04757295  -0.08239877     0.02142927   0.03711658
 -0.04787001  -0.08291330    -0.06009683   0.03469692    -0.04787184   0.02763882
  0.01197739   0.02074545    -0.03931413   0.02269802    -0.06885631   0.03975421
    2    1
 -0.06487310  -0.03745450    -0.04787001   0.08291330     0.01197739  -0.02074545
 -0.04757295   0.08239877    -0.06009683  -0.03469692    -0.03931413  -0.02269802
  0.02142927  -0.03711658    -0.04787184  -0.02763882    -0.06885631  -0.03975421
    2    2
  0.20540609  -0.00000000     0.00000000   0.00310671    -0.00000000  -0.02165593
  0.00000000  -0.00310671     0.19696370   0.00000000    -0.01259058   0.00000000
  0.00000000   0.02165593    -0.01259058   0.00000000     0.22101201  -0.00000000

     Dynamical  Matrix in cartesian axes

     q = (    1.000000000  -0.666666667   0.333333333 ) 

    1    1
  0.16372034   0.00000000     0.00000000  -0.00402795     0.00000000   0.01628191
  0.00000000   0.00402795     0.14595696  -0.00000000    -0.00852167   0.00000000
 -0.00000000  -0.01628191    -0.00852167  -0.00000000     0.20021299  -0.00000000
    1    2
 -0.06487310  -0.03745450    -0.04757295   0.08239877     0.02142927  -0.03711658
 -0.04787001   0.08291330    -0.06009683  -0.03469692    -0.04787184  -0.02763882
  0.01197739  -0.02074545    -0.03931413  -0.02269802    -0.06885631  -0.03975421
    2    1
 -0.06487310   0.03745450    -0.04787001  -0.08291330     0.01197739   0.02074545
 -0.04757295  -0.08239877    -0.06009683   0.03469692    -0.03931413   0.02269802
  0.02142927   0.03711658    -0.04787184   0.02763882    -0.06885631   0.03975421
    2    2
  0.20540609   0.00000000     0.00000000  -0.00310671    -0.00000000   0.02165593
  0.00000000   0.00310671     0.19696370   0.00000000    -0.01259058   0.00000000
  0.00000000  -0.02165593    -0.01259058   0.00000000     0.22101201   0.00000000

     Dynamical  Matrix in cartesian axes

     q = (   -1.000000000  -0.666666667  -0.333333333 ) 

    1    1
  0.16372034   0.00000000     0.00000000   0.00402795     0.00000000   0.01628191
  0.00000000  -0.00402795     0.14595696   0.00000000     0.00852167  -0.00000000
  0.00000000  -0.01628191     0.00852167  -0.00000000     0.20021299   0.00000000
    1    2
  0.00000000   0.07490900    -0.09514591   0.00000000    -0.04285854   0.00000000
 -0.09574003   0.00000000     0.00000000   0.06939384     0.00000000  -0.05527764
 -0.02395478   0.00000000    -0.00000000  -0.04539604    -0.00000000   0.07950842
    2    1
  0.00000000  -0.07490900    -0.09574003  -0.00000000    -0.02395478  -0.00000000
 -0.09514591  -0.00000000     0.00000000  -0.06939384    -0.00000000   0.04539604
 -0.04285854  -0.00000000    -0.00000000   0.05527764     0.00000000  -0.07950842
    2    2
  0.20540609   0.00000000    -0.00000000   0.00310671     0.00000000   0.02165593
 -0.00000000  -0.00310671     0.19696370   0.00000000     0.01259058  -0.00000000
 -0.00000000  -0.02165593     0.01259058  -0.00000000     0.22101201   0.00000000

     Dynamical  Matrix in cartesian axes

     q = (   -1.000000000   0.666666667   0.333333333 ) 

    1    1
  0.16372034   0.00000000     0.00000000  -0.00402795     0.00000000  -0.01628191
  0.00000000   0.00402795     0.14595696  -0.00000000     0.00852167   0.00000000
  0.00000000   0.01628191     0.00852167   0.00000000     0.20021299  -0.00000000
    1    2
 -0.00000000  -0.07490900    -0.09514591   0.00000000    -0.04285854   0.00000000
 -0.09574003   0.00000000     0.00000000  -0.06939384     0.00000000   0.05527764
 -0.02395478   0.00000000     0.00000000   0.04539604    -0.00000000  -0.07950842
    2    1
 -0.00000000   0.07490900    -0.09574003  -0.00000000    -0.02395478   0.00000000
 -0.09514591  -0.00000000     0.00000000   0.06939384     0.00000000  -0.04539604
 -0.04285854  -0.00000000     0.00000000  -0.05527764    -0.00000000   0.07950842
    2    2
  0.20540609   0.00000000    -0.00000000  -0.00310671     0.00000000  -0.02165593
 -0.00000000   0.00310671     0.19696370   0.00000000     0.01259058   0.00000000
 -0.00000000   0.02165593     0.01259058  -0.00000000     0.22101201   0.00000000

     Dynamical  Matrix in cartesian axes

     q = (    0.666666667  -1.000000000   0.333333333 ) 

    1    1
  0.14595696  -0.00000000     0.00000000   0.00402795     0.00852167   0.00000000
  0.00000000  -0.00402795     0.16372034   0.00000000    -0.00000000  -0.01628191
  0.00852167   0.00000000     0.00000000   0.01628191     0.20021299  -0.00000000
    1    2
  0.00000000  -0.06939384    -0.09574003   0.00000000    -0.00000000   0.05527764
 -0.09514591   0.00000000    -0.00000000  -0.07490900    -0.04285854  -0.00000000
 -0.00000000   0.04539604    -0.02395478   0.00000000     0.00000000  -0.07950842
    2    1
  0.00000000   0.06939384    -0.09514591  -0.00000000     0.00000000  -0.04539604
 -0.09574003  -0.00000000    -0.00000000   0.07490900    -0.02395478  -0.00000000
  0.00000000  -0.05527764    -0.04285854  -0.00000000    -0.00000000   0.07950842
    2    2
  0.19696370   0.00000000     0.00000000   0.00310671     0.01259058   0.00000000
  0.00000000  -0.00310671     0.20540609   0.00000000     0.00000000  -0.02165593
  0.01259058  -0.00000000     0.00000000   0.02165593     0.22101201   0.00000000

     Dynamical  Matrix in cartesian axes

     q = (   -0.333333333   0.666666667   1.000000000 ) 

    1    1
  0.20021299  -0.00000000    -0.00852167  -0.00000000     0.00000000   0.01628191
 -0.00852167  -0.00000000     0.14595696  -0.00000000     0.00000000  -0.00402795
  0.00000000  -0.01628191    -0.00000000   0.00402795     0.16372034   0.00000000
    1    2
 -0.06885631   0.03975421    -0.03931413   0.02269802     0.01197739   0.02074545
 -0.04787184   0.02763882    -0.06009683   0.03469692    -0.04787001  -0.08291330
  0.02142927   0.03711658    -0.04757295  -0.08239877    -0.06487310   0.03745450
    2    1
 -0.06885631  -0.03975421    -0.04787184  -0.02763882     0.02142927  -0.03711658
 -0.03931413  -0.02269802    -0.06009683  -0.03469692    -0.04757295   0.08239877
  0.01197739  -0.02074545    -0.04787001   0.08291330    -0.06487310  -0.03745450
    2    2
  0.22101201   0.00000000    -0.01259058   0.00000000    -0.00000000   0.02165593
 -0.01259058   0.00000000     0.19696370   0.00000000    -0.00000000  -0.00310671
  0.00000000  -0.02165593    -0.00000000   0.00310671     0.20540609   0.00000000

     Dynamical  Matrix in cartesian axes

     q = (    0.333333333   0.666666667  -1.000000000 ) 

    1    1
  0.20021299  -0.00000000     0.00852167   0.00000000    -0.00000000   0.01628191
  0.00852167  -0.00000000     0.14595696   0.00000000    -0.00000000   0.00402795
  0.00000000  -0.01628191     0.00000000  -0.00402795     0.16372034   0.00000000
    1    2
 -0.00000000  -0.07950842    -0.00000000   0.04539604    -0.02395478  -0.00000000
 -0.00000000   0.05527764    -0.00000000  -0.06939384    -0.09574003   0.00000000
 -0.04285854  -0.00000000    -0.09514591   0.00000000    -0.00000000  -0.07490900
    2    1
 -0.00000000   0.07950842     0.00000000  -0.05527764    -0.04285854   0.00000000
  0.00000000  -0.04539604    -0.00000000   0.06939384    -0.09514591  -0.00000000
 -0.02395478   0.00000000    -0.09574003  -0.00000000    -0.00000000   0.07490900
    2    2
  0.22101201   0.00000000     0.01259058  -0.00000000     0.00000000   0.02165593
  0.01259058  -0.00000000     0.19696370   0.00000000     0.00000000   0.00310671
 -0.00000000  -0.02165593     0.00000000  -0.00310671     0.20540609  -0.00000000

     Dynamical  Matrix in cartesian axes

     q = (   -0.333333333  -0.666666667  -1.000000000 ) 

    1    1
  0.20021299  -0.00000000     0.00852167   0.00000000    -0.00000000  -0.01628191
  0.00852167   0.00000000     0.14595696  -0.00000000    -0.00000000  -0.00402795
  0.00000000   0.01628191     0.00000000   0.00402795     0.16372034   0.00000000
    1    2
  0.00000000   0.07950842    -0.00000000  -0.04539604    -0.02395478   0.00000000
  0.00000000  -0.05527764    -0.00000000   0.06939384    -0.09574003   0.00000000
 -0.04285854   0.00000000    -0.09514591   0.00000000     0.00000000   0.07490900
    2    1
  0.00000000  -0.07950842    -0.00000000   0.05527764    -0.04285854  -0.00000000
 -0.00000000   0.04539604     0.00000000  -0.06939384    -0.09514591  -0.00000000
 -0.02395478  -0.00000000    -0.09574003  -0.00000000     0.00000000  -0.07490900
    2    2
  0.22101201   0.00000000     0.01259058  -0.00000000     0.00000000  -0.02165593
  0.01259058  -0.00000000     0.19696370   0.00000000     0.00000000  -0.00310671
 -0.00000000   0.02165593     0.00000000   0.00310671     0.20540609   0.00000000

     Dynamical  Matrix in cartesian axes

     q = (    0.333333333  -0.666666667   1.000000000 ) 

    1    1
  0.20021299  -0.00000000    -0.00852167  -0.00000000     0.00000000  -0.01628191
 -0.00852167  -0.00000000     0.14595696  -0.00000000     0.00000000   0.00402795
  0.00000000   0.01628191    -0.00000000  -0.00402795     0.16372034   0.00000000
    1    2
 -0.06885631  -0.03975421    -0.03931413  -0.02269802     0.01197739  -0.02074545
 -0.04787184  -0.02763882    -0.06009683  -0.03469692    -0.04787001   0.08291330
  0.02142927  -0.03711658    -0.04757295   0.08239877    -0.06487310  -0.03745450
    2    1
 -0.06885631   0.03975421    -0.04787184   0.02763882     0.02142927   0.03711658
 -0.03931413   0.02269802    -0.06009683   0.03469692    -0.04757295  -0.08239877
  0.01197739   0.02074545    -0.04787001  -0.08291330    -0.06487310   0.03745450
    2    2
  0.22101201   0.00000000    -0.01259058   0.00000000    -0.00000000  -0.02165593
 -0.01259058   0.00000000     0.19696370   0.00000000    -0.00000000   0.00310671
  0.00000000   0.02165593    -0.00000000  -0.00310671     0.20540609   0.00000000

     Dynamical  Matrix in cartesian axes

     q = (   -0.333333333   1.000000000   0.666666667 ) 

    1    1
  0.20021299   0.00000000    -0.00000000   0.01628191    -0.00852167  -0.00000000
  0.00000000  -0.01628191     0.16372034   0.00000000     0.00000000   0.00402795
 -0.00852167   0.00000000    -0.00000000  -0.00402795     0.14595696  -0.00000000
    1    2
 -0.06885631   0.03975421     0.01197739   0.02074545    -0.03931413   0.02269802
  0.02142927   0.03711658    -0.06487310   0.03745450    -0.04757295  -0.08239877
 -0.04787184   0.02763882    -0.04787001  -0.08291330    -0.06009683   0.03469692
    2    1
 -0.06885631  -0.03975421     0.02142927  -0.03711658    -0.04787184  -0.02763882
  0.01197739  -0.02074545    -0.06487310  -0.03745450    -0.04787001   0.08291330
 -0.03931413  -0.02269802    -0.04757295   0.08239877    -0.06009683  -0.03469692
    2    2
  0.22101201   0.00000000     0.00000000   0.02165593    -0.01259058   0.00000000
 -0.00000000  -0.02165593     0.20540609   0.00000000     0.00000000   0.00310671
 -0.01259058   0.00000000     0.00000000  -0.00310671     0.19696370   0.00000000

     Dynamical  Matrix in cartesian axes

     q = (   -0.333333333  -1.000000000  -0.666666667 ) 

    1    1
  0.20021299  -0.00000000     0.00000000  -0.01628191     0.00852167   0.00000000
  0.00000000   0.01628191     0.16372034   0.00000000     0.00000000   0.00402795
  0.00852167  -0.00000000     0.00000000  -0.00402795     0.14595696  -0.00000000
    1    2
  0.00000000   0.07950842    -0.02395478   0.00000000     0.00000000  -0.04539604
 -0.04285854   0.00000000     0.00000000   0.07490900    -0.09514591   0.00000000
  0.00000000  -0.05527764    -0.09574003   0.00000000     0.00000000   0.06939384
    2    1
  0.00000000  -0.07950842    -0.04285854  -0.00000000    -0.00000000   0.05527764
 -0.02395478  -0.00000000     0.00000000  -0.07490900    -0.09574003  -0.00000000
 -0.00000000   0.04539604    -0.09514591  -0.00000000     0.00000000  -0.06939384
    2    2
  0.22101201   0.00000000    -0.00000000  -0.02165593     0.01259058  -0.00000000
  0.00000000   0.02165593     0.20540609   0.00000000    -0.00000000   0.00310671
  0.01259058   0.00000000    -0.00000000  -0.00310671     0.19696370   0.00000000

     Dynamical  Matrix in cartesian axes

     q = (    0.333333333  -1.000000000   0.666666667 ) 

    1    1
  0.20021299  -0.00000000     0.00000000   0.01628191     0.00852167   0.00000000
  0.00000000  -0.01628191     0.16372034   0.00000000     0.00000000  -0.00402795
  0.00852167   0.00000000     0.00000000   0.00402795     0.14595696   0.00000000
    1    2
 -0.00000000  -0.07950842    -0.02395478  -0.00000000     0.00000000   0.04539604
 -0.04285854   0.00000000    -0.00000000  -0.07490900    -0.09514591   0.00000000
 -0.00000000   0.05527764    -0.09574003   0.00000000     0.00000000  -0.06939384
    2    1
 -0.00000000   0.07950842    -0.04285854  -0.00000000     0.00000000  -0.05527764
 -0.02395478   0.00000000    -0.00000000   0.07490900    -0.09574003  -0.00000000
  0.00000000  -0.04539604    -0.09514591  -0.00000000    -0.00000000   0.06939384
    2    2
  0.22101201   0.00000000    -0.00000000   0.02165593     0.01259058  -0.00000000
  0.00000000  -0.02165593     0.20540609   0.00000000    -0.00000000  -0.00310671
  0.01259058  -0.00000000    -0.00000000   0.00310671     0.19696370   0.00000000

     Dynamical  Matrix in cartesian axes

     q = (    0.333333333   1.000000000  -0.666666667 ) 

    1    1
  0.20021299  -0.00000000    -0.00000000  -0.01628191    -0.00852167  -0.00000000
  0.00000000   0.01628191     0.16372034   0.00000000     0.00000000  -0.00402795
 -0.00852167  -0.00000000    -0.00000000   0.00402795     0.14595696  -0.00000000
    1    2
 -0.06885631  -0.03975421     0.01197739  -0.02074545    -0.03931413  -0.02269802
  0.02142927  -0.03711658    -0.06487310  -0.03745450    -0.04757295   0.08239877
 -0.04787184  -0.02763882    -0.04787001   0.08291330    -0.06009683  -0.03469692
    2    1
 -0.06885631   0.03975421     0.02142927   0.03711658    -0.04787184   0.02763882
  0.01197739   0.02074545    -0.06487310   0.03745450    -0.04787001  -0.08291330
 -0.03931413   0.02269802    -0.04757295  -0.08239877    -0.06009683   0.03469692
    2    2
  0.22101201   0.00000000     0.00000000  -0.02165593    -0.01259058   0.00000000
 -0.00000000   0.02165593     0.20540609   0.00000000     0.00000000  -0.00310671
 -0.01259058   0.00000000     0.00000000   0.00310671     0.19696370   0.00000000

     Dynamical  Matrix in cartesian axes

     q = (    0.666666667   1.000000000  -0.333333333 ) 

    1    1
  0.14595696  -0.00000000     0.00000000  -0.00402795    -0.00852167   0.00000000
  0.00000000   0.00402795     0.16372034   0.00000000     0.00000000  -0.01628191
 -0.00852167  -0.00000000     0.00000000   0.01628191     0.20021299   0.00000000
    1    2
 -0.06009683   0.03469692    -0.04787001  -0.08291330    -0.04787184   0.02763882
 -0.04757295  -0.08239877    -0.06487310   0.03745450     0.02142927   0.03711658
 -0.03931413   0.02269802     0.01197739   0.02074545    -0.06885631   0.03975421
    2    1
 -0.06009683  -0.03469692    -0.04757295   0.08239877    -0.03931413  -0.02269802
 -0.04787001   0.08291330    -0.06487310  -0.03745450     0.01197739  -0.02074545
 -0.04787184  -0.02763882     0.02142927  -0.03711658    -0.06885631  -0.03975421
    2    2
  0.19696370   0.00000000    -0.00000000  -0.00310671    -0.01259058   0.00000000
 -0.00000000   0.00310671     0.20540609   0.00000000    -0.00000000  -0.02165593
 -0.01259058   0.00000000    -0.00000000   0.02165593     0.22101201   0.00000000

     Dynamical  Matrix in cartesian axes

     q = (   -0.666666667  -1.000000000  -0.333333333 ) 

    1    1
  0.14595696   0.00000000     0.00000000  -0.00402795     0.00852167   0.00000000
  0.00000000   0.00402795     0.16372034   0.00000000    -0.00000000   0.01628191
  0.00852167   0.00000000     0.00000000  -0.01628191     0.20021299  -0.00000000
    1    2
  0.00000000   0.06939384    -0.09574003   0.00000000     0.00000000  -0.05527764
 -0.09514591   0.00000000     0.00000000   0.07490900    -0.04285854   0.00000000
 -0.00000000  -0.04539604    -0.02395478   0.00000000     0.00000000   0.07950842
    2    1
  0.00000000  -0.06939384    -0.09514591  -0.00000000     0.00000000   0.04539604
 -0.09574003  -0.00000000     0.00000000  -0.07490900    -0.02395478   0.00000000
 -0.00000000   0.05527764    -0.04285854  -0.00000000     0.00000000  -0.07950842
    2    2
  0.19696370   0.00000000     0.00000000  -0.00310671     0.01259058  -0.00000000
  0.00000000   0.00310671     0.20540609   0.00000000     0.00000000   0.02165593
  0.01259058  -0.00000000     0.00000000  -0.02165593     0.22101201   0.00000000

     Dynamical  Matrix in cartesian axes

     q = (   -0.666666667   1.000000000   0.333333333 ) 

    1    1
  0.14595696  -0.00000000     0.00000000   0.00402795    -0.00852167  -0.00000000
  0.00000000  -0.00402795     0.16372034   0.00000000     0.00000000   0.01628191
 -0.00852167  -0.00000000     0.00000000  -0.01628191     0.20021299  -0.00000000
    1    2
 -0.06009683  -0.03469692    -0.04787001   0.08291330    -0.04787184  -0.02763882
 -0.04757295   0.08239877    -0.06487310  -0.03745450     0.02142927  -0.03711658
 -0.03931413  -0.02269802     0.01197739  -0.02074545    -0.06885631  -0.03975421
    2    1
 -0.06009683   0.03469692    -0.04757295  -0.08239877    -0.03931413   0.02269802
 -0.04787001  -0.08291330    -0.06487310   0.03745450     0.01197739   0.02074545
 -0.04787184   0.02763882     0.02142927   0.03711658    -0.06885631   0.03975421
    2    2
  0.19696370   0.00000000    -0.00000000   0.00310671    -0.01259058   0.00000000
 -0.00000000  -0.00310671     0.20540609   0.00000000    -0.00000000   0.02165593
 -0.01259058   0.00000000    -0.00000000  -0.02165593     0.22101201   0.00000000

     Diagonalizing the dynamical matrix

     q = (    0.666666667  -0.333333333   1.000000000 ) 

 **************************************************************************
     freq (    1) =       2.402224 [THz] =      80.129570 [cm-1]
 ( -0.359400 -0.622500 -0.137352 -0.237901  0.060178 -0.034744 ) 
 (  0.000000 -0.459983  0.000000 -0.312916 -0.305833  0.000000 ) 
     freq (    2) =       2.801525 [THz] =      93.448821 [cm-1]
 ( -0.102836 -0.178117  0.120544  0.208789 -0.605830  0.349776 ) 
 ( -0.000000  0.415410  0.000000 -0.037473 -0.486038  0.000000 ) 
     freq (    3) =       4.655848 [THz] =     155.302368 [cm-1]
 (  0.097374  0.168657 -0.283510 -0.491053 -0.283434  0.163641 ) 
 ( -0.000000  0.199724  0.000000 -0.625989  0.318900  0.000000 ) 
     freq (    4) =       6.656839 [THz] =     222.048264 [cm-1]
 (  0.220350  0.381657 -0.293675 -0.508660 -0.128535  0.074210 ) 
 ( -0.000000 -0.255134 -0.000000  0.362909 -0.491915  0.000000 ) 
     freq (    5) =       7.082518 [THz] =     236.247367 [cm-1]
 (  0.149385  0.258742  0.208939  0.361893 -0.401334  0.231710 ) 
 ( -0.000000 -0.683894 -0.000000 -0.194077  0.126408  0.000000 ) 
     freq (    6) =       7.474674 [THz] =     249.328296 [cm-1]
 (  0.195783  0.339106  0.124070  0.214895  0.385054 -0.222311 ) 
 ( -0.000000  0.080133 -0.000000 -0.553522 -0.524028  0.000000 ) 
 **************************************************************************
