Dynamical matrix file
default                                                                    
  2    2   2  10.8614620   0.0000000   0.0000000   0.0000000   0.0000000   0.0000000
           1  'Ga  '    63548.6269622649     
           2  'As  '    68286.8564472683     
    1    1      0.0000000000      0.0000000000      0.0000000000
    2    2      0.2500000000      0.2500000000      0.2500000000

     Dynamical  Matrix in cartesian axes

     q = (   -0.166666667   0.166666667  -0.166666667 ) 

    1    1
  0.18284847   0.00000000    -0.01448905   0.00000000     0.01448905   0.00000000
 -0.01448905   0.00000000     0.18284847   0.00000000    -0.01448905   0.00000000
  0.01448905   0.00000000    -0.01448905   0.00000000     0.18284847   0.00000000
    1    2
 -0.15778490  -0.03985270    -0.00522494   0.02609445     0.00522494  -0.02609445
 -0.00522494   0.02609445    -0.15778490  -0.03985270    -0.00522494   0.02609445
  0.00522494  -0.02609445    -0.00522494   0.02609445    -0.15778490  -0.03985270
    2    1
 -0.15778490   0.03985270    -0.00522494  -0.02609445     0.00522494   0.02609445
 -0.00522494  -0.02609445    -0.15778490   0.03985270    -0.00522494  -0.02609445
  0.00522494   0.02609445    -0.00522494  -0.02609445    -0.15778490   0.03985270
    2    2
  0.19114500   0.00000000    -0.01116941   0.00000000     0.01116941   0.00000000
 -0.01116941   0.00000000     0.19114500   0.00000000    -0.01116941   0.00000000
  0.01116941   0.00000000    -0.01116941   0.00000000     0.19114500   0.00000000

     Dynamical  Matrix in cartesian axes

     q = (    0.166666667  -0.166666667   0.166666667 ) 

    1    1
  0.18284847   0.00000000    -0.01448905   0.00000000     0.01448905   0.00000000
 -0.01448905   0.00000000     0.18284847   0.00000000    -0.01448905   0.00000000
  0.01448905   0.00000000    -0.01448905   0.00000000     0.18284847   0.00000000
    1    2
 -0.15778490   0.03985270    -0.00522494  -0.02609445     0.00522494   0.02609445
 -0.00522494  -0.02609445    -0.15778490   0.03985270    -0.00522494  -0.02609445
  0.00522494   0.02609445    -0.00522494  -0.02609445    -0.15778490   0.03985270
    2    1
 -0.15778490  -0.03985270    -0.00522494   0.02609445     0.00522494  -0.02609445
 -0.00522494   0.02609445    -0.15778490  -0.03985270    -0.00522494   0.02609445
  0.00522494  -0.02609445    -0.00522494   0.02609445    -0.15778490  -0.03985270
    2    2
  0.19114500   0.00000000    -0.01116941   0.00000000     0.01116941   0.00000000
 -0.01116941   0.00000000     0.19114500   0.00000000    -0.01116941   0.00000000
  0.01116941   0.00000000    -0.01116941   0.00000000     0.19114500   0.00000000

     Dynamical  Matrix in cartesian axes

     q = (    0.166666667  -0.166666667  -0.166666667 ) 

    1    1
  0.18284847   0.00000000    -0.01448905   0.00000000    -0.01448905   0.00000000
 -0.01448905   0.00000000     0.18284847   0.00000000     0.01448905   0.00000000
 -0.01448905   0.00000000     0.01448905   0.00000000     0.18284847   0.00000000
    1    2
 -0.15778490  -0.03985270    -0.00522494   0.02609445    -0.00522494   0.02609445
 -0.00522494   0.02609445    -0.15778490  -0.03985270     0.00522494  -0.02609445
 -0.00522494   0.02609445     0.00522494  -0.02609445    -0.15778490  -0.03985270
    2    1
 -0.15778490   0.03985270    -0.00522494  -0.02609445    -0.00522494  -0.02609445
 -0.00522494  -0.02609445    -0.15778490   0.03985270     0.00522494   0.02609445
 -0.00522494  -0.02609445     0.00522494   0.02609445    -0.15778490   0.03985270
    2    2
  0.19114500   0.00000000    -0.01116941   0.00000000    -0.01116941   0.00000000
 -0.01116941   0.00000000     0.19114500   0.00000000     0.01116941   0.00000000
 -0.01116941   0.00000000     0.01116941   0.00000000     0.19114500   0.00000000

     Dynamical  Matrix in cartesian axes

     q = (   -0.166666667   0.166666667   0.166666667 ) 

    1    1
  0.18284847   0.00000000    -0.01448905   0.00000000    -0.01448905   0.00000000
 -0.01448905   0.00000000     0.18284847   0.00000000     0.01448905   0.00000000
 -0.01448905   0.00000000     0.01448905   0.00000000     0.18284847   0.00000000
    1    2
 -0.15778490   0.03985270    -0.00522494  -0.02609445    -0.00522494  -0.02609445
 -0.00522494  -0.02609445    -0.15778490   0.03985270     0.00522494   0.02609445
 -0.00522494  -0.02609445     0.00522494   0.02609445    -0.15778490   0.03985270
    2    1
 -0.15778490  -0.03985270    -0.00522494   0.02609445    -0.00522494   0.02609445
 -0.00522494   0.02609445    -0.15778490  -0.03985270     0.00522494  -0.02609445
 -0.00522494   0.02609445     0.00522494  -0.02609445    -0.15778490  -0.03985270
    2    2
  0.19114500   0.00000000    -0.01116941   0.00000000    -0.01116941   0.00000000
 -0.01116941   0.00000000     0.19114500   0.00000000     0.01116941   0.00000000
 -0.01116941   0.00000000     0.01116941   0.00000000     0.19114500   0.00000000

     Dynamical  Matrix in cartesian axes

     q = (   -0.166666667  -0.166666667   0.166666667 ) 

    1    1
  0.18284847   0.00000000     0.01448905   0.00000000    -0.01448905   0.00000000
  0.01448905   0.00000000     0.18284847   0.00000000    -0.01448905   0.00000000
 -0.01448905   0.00000000    -0.01448905   0.00000000     0.18284847   0.00000000
    1    2
 -0.15778490  -0.03985270     0.00522494  -0.02609445    -0.00522494   0.02609445
  0.00522494  -0.02609445    -0.15778490  -0.03985270    -0.00522494   0.02609445
 -0.00522494   0.02609445    -0.00522494   0.02609445    -0.15778490  -0.03985270
    2    1
 -0.15778490   0.03985270     0.00522494   0.02609445    -0.00522494  -0.02609445
  0.00522494   0.02609445    -0.15778490   0.03985270    -0.00522494  -0.02609445
 -0.00522494  -0.02609445    -0.00522494  -0.02609445    -0.15778490   0.03985270
    2    2
  0.19114500   0.00000000     0.01116941   0.00000000    -0.01116941   0.00000000
  0.01116941   0.00000000     0.19114500   0.00000000    -0.01116941   0.00000000
 -0.01116941   0.00000000    -0.01116941   0.00000000     0.19114500   0.00000000

     Dynamical  Matrix in cartesian axes

     q = (    0.166666667   0.166666667  -0.166666667 ) 

    1    1
  0.18284847   0.00000000     0.01448905   0.00000000    -0.01448905   0.00000000
  0.01448905   0.00000000     0.18284847   0.00000000    -0.01448905   0.00000000
 -0.01448905   0.00000000    -0.01448905   0.00000000     0.18284847   0.00000000
    1    2
 -0.15778490   0.03985270     0.00522494   0.02609445    -0.00522494  -0.02609445
  0.00522494   0.02609445    -0.15778490   0.03985270    -0.00522494  -0.02609445
 -0.00522494  -0.02609445    -0.00522494  -0.02609445    -0.15778490   0.03985270
    2    1
 -0.15778490  -0.03985270     0.00522494  -0.02609445    -0.00522494   0.02609445
  0.00522494  -0.02609445    -0.15778490  -0.03985270    -0.00522494   0.02609445
 -0.00522494   0.02609445    -0.00522494   0.02609445    -0.15778490  -0.03985270
    2    2
  0.19114500   0.00000000     0.01116941   0.00000000    -0.01116941   0.00000000
  0.01116941   0.00000000     0.19114500   0.00000000    -0.01116941   0.00000000
 -0.01116941   0.00000000    -0.01116941   0.00000000     0.19114500   0.00000000

     Dynamical  Matrix in cartesian axes

     q = (    0.166666667   0.166666667   0.166666667 ) 

    1    1
  0.18284847   0.00000000     0.01448905   0.00000000     0.01448905   0.00000000
  0.01448905   0.00000000     0.18284847   0.00000000     0.01448905   0.00000000
  0.01448905   0.00000000     0.01448905   0.00000000     0.18284847   0.00000000
    1    2
 -0.11340590   0.11671939    -0.01998599  -0.01757216    -0.01998599  -0.01757216
 -0.01998599  -0.01757216    -0.11340590   0.11671939    -0.01998599  -0.01757216
 -0.01998599  -0.01757216    -0.01998599  -0.01757216    -0.11340590   0.11671939
    2    1
 -0.11340590  -0.11671939    -0.01998599   0.01757216    -0.01998599   0.01757216
 -0.01998599   0.01757216    -0.11340590  -0.11671939    -0.01998599   0.01757216
 -0.01998599   0.01757216    -0.01998599   0.01757216    -0.11340590  -0.11671939
    2    2
  0.19114500   0.00000000     0.01116941   0.00000000     0.01116941   0.00000000
  0.01116941   0.00000000     0.19114500   0.00000000     0.01116941   0.00000000
  0.01116941   0.00000000     0.01116941   0.00000000     0.19114500   0.00000000

     Dynamical  Matrix in cartesian axes

     q = (   -0.166666667  -0.166666667  -0.166666667 ) 

    1    1
  0.18284847   0.00000000     0.01448905   0.00000000     0.01448905   0.00000000
  0.01448905   0.00000000     0.18284847   0.00000000     0.01448905   0.00000000
  0.01448905   0.00000000     0.01448905   0.00000000     0.18284847   0.00000000
    1    2
 -0.11340590  -0.11671939    -0.01998599   0.01757216    -0.01998599   0.01757216
 -0.01998599   0.01757216    -0.11340590  -0.11671939    -0.01998599   0.01757216
 -0.01998599   0.01757216    -0.01998599   0.01757216    -0.11340590  -0.11671939
    2    1
 -0.11340590   0.11671939    -0.01998599  -0.01757216    -0.01998599  -0.01757216
 -0.01998599  -0.01757216    -0.11340590   0.11671939    -0.01998599  -0.01757216
 -0.01998599  -0.01757216    -0.01998599  -0.01757216    -0.11340590   0.11671939
    2    2
  0.19114500   0.00000000     0.01116941   0.00000000     0.01116941   0.00000000
  0.01116941   0.00000000     0.19114500   0.00000000     0.01116941   0.00000000
  0.01116941   0.00000000     0.01116941   0.00000000     0.19114500   0.00000000

     Diagonalizing the dynamical matrix

     q = (   -0.166666667   0.166666667  -0.166666667 ) 

 **************************************************************************
     freq (    1) =       1.312258 [THz] =      43.772206 [cm-1]
 ( -0.164967 -0.054661  0.402513 -0.006765  0.567479  0.047896 ) 
 ( -0.163462 -0.039268  0.387441 -0.039268  0.550904  0.000000 ) 
     freq (    2) =       1.312258 [THz] =      43.772206 [cm-1]
 ( -0.548071  0.117516 -0.406915  0.129429  0.141156  0.011914 ) 
 ( -0.518738  0.157865 -0.381705  0.157865  0.137033  0.000000 ) 
     freq (    3) =       2.528307 [THz] =      84.335243 [cm-1]
 (  0.345670  0.215943 -0.345670 -0.215943  0.345670  0.215943 ) 
 (  0.408918 -0.000000 -0.408918 -0.000000  0.408918  0.000000 ) 
     freq (    4) =       7.448260 [THz] =     248.447215 [cm-1]
 ( -0.293165 -0.024744  0.293165  0.024744  0.586331  0.049487 ) 
 (  0.283034  0.000000 -0.283034 -0.000000 -0.566069  0.000000 ) 
     freq (    5) =       7.448260 [THz] =     248.447215 [cm-1]
 ( -0.365132 -0.355462 -0.365132 -0.355462 -0.000000  0.000000 ) 
 (  0.378780  0.311209  0.378780  0.311209  0.000000  0.000000 ) 
     freq (    6) =       7.969948 [THz] =     265.848854 [cm-1]
 (  0.358998  0.224269 -0.358998 -0.224269  0.358998  0.224269 ) 
 ( -0.392629 -0.000000  0.392629  0.000000 -0.392629  0.000000 ) 
 **************************************************************************
