Dynamical matrix file
default                                                                    
  2    2   2  10.8614620   0.0000000   0.0000000   0.0000000   0.0000000   0.0000000
           1  'Ga  '    63548.6269622649     
           2  'As  '    68286.8564472683     
    1    1      0.0000000000      0.0000000000      0.0000000000
    2    2      0.2500000000      0.2500000000      0.2500000000

     Dynamical  Matrix in cartesian axes

     q = (    0.333333333   0.000000000   0.333333333 ) 

    1    1
  0.17744591   0.00000000     0.00000000  -0.01337310     0.01398600   0.00000000
 -0.00000000   0.01337310     0.17511390   0.00000000     0.00000000   0.01337310
  0.01398600   0.00000000     0.00000000  -0.01337310     0.17744591   0.00000000
    1    2
 -0.06596569   0.11425592    -0.03632985  -0.02097505     0.01078342  -0.01867743
 -0.05296319  -0.03057831    -0.06629806   0.11483161    -0.05296319  -0.03057831
  0.01078342  -0.01867743    -0.03632985  -0.02097505    -0.06596569   0.11425592
    2    1
 -0.06596569  -0.11425592    -0.05296319   0.03057831     0.01078342   0.01867743
 -0.03632985   0.02097505    -0.06629806  -0.11483161    -0.03632985   0.02097505
  0.01078342   0.01867743    -0.05296319   0.03057831    -0.06596569  -0.11425592
    2    2
  0.19780279   0.00000000    -0.00000000  -0.01191400     0.01868381   0.00000000
  0.00000000   0.01191400     0.19552932   0.00000000    -0.00000000   0.01191400
  0.01868381   0.00000000    -0.00000000  -0.01191400     0.19780279   0.00000000

     Dynamical  Matrix in cartesian axes

     q = (   -0.333333333   0.000000000  -0.333333333 ) 

    1    1
  0.17744591   0.00000000     0.00000000   0.01337310     0.01398600   0.00000000
 -0.00000000  -0.01337310     0.17511390   0.00000000     0.00000000  -0.01337310
  0.01398600   0.00000000     0.00000000   0.01337310     0.17744591   0.00000000
    1    2
 -0.06596569  -0.11425592    -0.03632985   0.02097505     0.01078342   0.01867743
 -0.05296319   0.03057831    -0.06629806  -0.11483161    -0.05296319   0.03057831
  0.01078342   0.01867743    -0.03632985   0.02097505    -0.06596569  -0.11425592
    2    1
 -0.06596569   0.11425592    -0.05296319  -0.03057831     0.01078342  -0.01867743
 -0.03632985  -0.02097505    -0.06629806   0.11483161    -0.03632985  -0.02097505
  0.01078342  -0.01867743    -0.05296319  -0.03057831    -0.06596569   0.11425592
    2    2
  0.19780279   0.00000000    -0.00000000   0.01191400     0.01868381   0.00000000
  0.00000000  -0.01191400     0.19552932   0.00000000    -0.00000000  -0.01191400
  0.01868381   0.00000000    -0.00000000   0.01191400     0.19780279   0.00000000

     Dynamical  Matrix in cartesian axes

     q = (    0.000000000  -0.333333333   0.333333333 ) 

    1    1
  0.17511390   0.00000000    -0.00000000   0.01337310     0.00000000  -0.01337310
  0.00000000  -0.01337310     0.17744591   0.00000000    -0.01398600   0.00000000
  0.00000000   0.01337310    -0.01398600   0.00000000     0.17744591   0.00000000
    1    2
 -0.13259612   0.00000000     0.00000000  -0.06115663     0.00000000   0.06115663
  0.00000000  -0.04195010    -0.13193138  -0.00000000    -0.02156684   0.00000000
 -0.00000000   0.04195010    -0.02156684   0.00000000    -0.13193138  -0.00000000
    2    1
 -0.13259612   0.00000000     0.00000000   0.04195010     0.00000000  -0.04195010
  0.00000000   0.06115663    -0.13193138   0.00000000    -0.02156684  -0.00000000
 -0.00000000  -0.06115663    -0.02156684  -0.00000000    -0.13193138   0.00000000
    2    2
  0.19552932   0.00000000     0.00000000   0.01191400    -0.00000000  -0.01191400
 -0.00000000  -0.01191400     0.19780279   0.00000000    -0.01868381   0.00000000
  0.00000000   0.01191400    -0.01868381   0.00000000     0.19780279   0.00000000

     Dynamical  Matrix in cartesian axes

     q = (   -0.333333333   0.000000000   0.333333333 ) 

    1    1
  0.17744591   0.00000000     0.00000000  -0.01337310    -0.01398600   0.00000000
 -0.00000000   0.01337310     0.17511390   0.00000000     0.00000000  -0.01337310
 -0.01398600   0.00000000     0.00000000   0.01337310     0.17744591   0.00000000
    1    2
 -0.13193138  -0.00000000    -0.00000000  -0.04195010    -0.02156684   0.00000000
 -0.00000000  -0.06115663    -0.13259612  -0.00000000     0.00000000   0.06115663
 -0.02156684   0.00000000     0.00000000   0.04195010    -0.13193138   0.00000000
    2    1
 -0.13193138   0.00000000     0.00000000   0.06115663    -0.02156684  -0.00000000
 -0.00000000   0.04195010    -0.13259612   0.00000000     0.00000000  -0.04195010
 -0.02156684   0.00000000     0.00000000  -0.06115663    -0.13193138  -0.00000000
    2    2
  0.19780279   0.00000000    -0.00000000  -0.01191400    -0.01868381   0.00000000
  0.00000000   0.01191400     0.19552932   0.00000000    -0.00000000  -0.01191400
 -0.01868381   0.00000000    -0.00000000   0.01191400     0.19780279   0.00000000

     Dynamical  Matrix in cartesian axes

     q = (    0.333333333   0.000000000  -0.333333333 ) 

    1    1
  0.17744591   0.00000000     0.00000000   0.01337310    -0.01398600   0.00000000
 -0.00000000  -0.01337310     0.17511390   0.00000000     0.00000000   0.01337310
 -0.01398600   0.00000000     0.00000000  -0.01337310     0.17744591   0.00000000
    1    2
 -0.13193138  -0.00000000    -0.00000000   0.04195010    -0.02156684   0.00000000
  0.00000000   0.06115663    -0.13259612   0.00000000     0.00000000  -0.06115663
 -0.02156684   0.00000000     0.00000000  -0.04195010    -0.13193138  -0.00000000
    2    1
 -0.13193138   0.00000000     0.00000000  -0.06115663    -0.02156684   0.00000000
  0.00000000  -0.04195010    -0.13259612   0.00000000     0.00000000   0.04195010
 -0.02156684   0.00000000     0.00000000   0.06115663    -0.13193138   0.00000000
    2    2
  0.19780279   0.00000000     0.00000000   0.01191400    -0.01868381   0.00000000
  0.00000000  -0.01191400     0.19552932   0.00000000     0.00000000   0.01191400
 -0.01868381   0.00000000    -0.00000000  -0.01191400     0.19780279   0.00000000

     Dynamical  Matrix in cartesian axes

     q = (    0.333333333   0.333333333   0.000000000 ) 

    1    1
  0.17744591   0.00000000     0.01398600   0.00000000     0.00000000  -0.01337310
  0.01398600   0.00000000     0.17744591   0.00000000     0.00000000  -0.01337310
  0.00000000   0.01337310     0.00000000   0.01337310     0.17511390   0.00000000
    1    2
 -0.06596569   0.11425592     0.01078342  -0.01867743    -0.03632985  -0.02097505
  0.01078342  -0.01867743    -0.06596569   0.11425592    -0.03632985  -0.02097505
 -0.05296319  -0.03057831    -0.05296319  -0.03057831    -0.06629806   0.11483161
    2    1
 -0.06596569  -0.11425592     0.01078342   0.01867743    -0.05296319   0.03057831
  0.01078342   0.01867743    -0.06596569  -0.11425592    -0.05296319   0.03057831
 -0.03632985   0.02097505    -0.03632985   0.02097505    -0.06629806  -0.11483161
    2    2
  0.19780279   0.00000000     0.01868381   0.00000000    -0.00000000  -0.01191400
  0.01868381   0.00000000     0.19780279   0.00000000    -0.00000000  -0.01191400
  0.00000000   0.01191400     0.00000000   0.01191400     0.19552932   0.00000000

     Dynamical  Matrix in cartesian axes

     q = (    0.333333333  -0.333333333   0.000000000 ) 

    1    1
  0.17744591   0.00000000    -0.01398600   0.00000000     0.00000000   0.01337310
 -0.01398600   0.00000000     0.17744591   0.00000000     0.00000000  -0.01337310
  0.00000000  -0.01337310     0.00000000   0.01337310     0.17511390   0.00000000
    1    2
 -0.13193138  -0.00000000    -0.02156684   0.00000000    -0.00000000   0.04195010
 -0.02156684   0.00000000    -0.13193138  -0.00000000     0.00000000  -0.04195010
  0.00000000   0.06115663     0.00000000  -0.06115663    -0.13259612  -0.00000000
    2    1
 -0.13193138   0.00000000    -0.02156684  -0.00000000    -0.00000000  -0.06115663
 -0.02156684  -0.00000000    -0.13193138   0.00000000     0.00000000   0.06115663
  0.00000000  -0.04195010     0.00000000   0.04195010    -0.13259612   0.00000000
    2    2
  0.19780279   0.00000000    -0.01868381   0.00000000     0.00000000   0.01191400
 -0.01868381   0.00000000     0.19780279   0.00000000     0.00000000  -0.01191400
  0.00000000  -0.01191400     0.00000000   0.01191400     0.19552932   0.00000000

     Dynamical  Matrix in cartesian axes

     q = (   -0.333333333  -0.333333333   0.000000000 ) 

    1    1
  0.17744591   0.00000000     0.01398600   0.00000000     0.00000000   0.01337310
  0.01398600   0.00000000     0.17744591   0.00000000     0.00000000   0.01337310
  0.00000000  -0.01337310     0.00000000  -0.01337310     0.17511390   0.00000000
    1    2
 -0.06596569  -0.11425592     0.01078342   0.01867743    -0.03632985   0.02097505
  0.01078342   0.01867743    -0.06596569  -0.11425592    -0.03632985   0.02097505
 -0.05296319   0.03057831    -0.05296319   0.03057831    -0.06629806  -0.11483161
    2    1
 -0.06596569   0.11425592     0.01078342  -0.01867743    -0.05296319  -0.03057831
  0.01078342  -0.01867743    -0.06596569   0.11425592    -0.05296319  -0.03057831
 -0.03632985  -0.02097505    -0.03632985  -0.02097505    -0.06629806   0.11483161
    2    2
  0.19780279   0.00000000     0.01868381   0.00000000     0.00000000   0.01191400
  0.01868381   0.00000000     0.19780279   0.00000000     0.00000000   0.01191400
  0.00000000  -0.01191400     0.00000000  -0.01191400     0.19552932   0.00000000

     Dynamical  Matrix in cartesian axes

     q = (   -0.333333333   0.333333333   0.000000000 ) 

    1    1
  0.17744591   0.00000000    -0.01398600   0.00000000     0.00000000  -0.01337310
 -0.01398600   0.00000000     0.17744591   0.00000000     0.00000000   0.01337310
  0.00000000   0.01337310     0.00000000  -0.01337310     0.17511390   0.00000000
    1    2
 -0.13193138  -0.00000000    -0.02156684   0.00000000    -0.00000000  -0.04195010
 -0.02156684   0.00000000    -0.13193138  -0.00000000    -0.00000000   0.04195010
  0.00000000  -0.06115663     0.00000000   0.06115663    -0.13259612  -0.00000000
    2    1
 -0.13193138   0.00000000    -0.02156684   0.00000000     0.00000000   0.06115663
 -0.02156684   0.00000000    -0.13193138   0.00000000     0.00000000  -0.06115663
  0.00000000   0.04195010     0.00000000  -0.04195010    -0.13259612   0.00000000
    2    2
  0.19780279   0.00000000    -0.01868381   0.00000000     0.00000000  -0.01191400
 -0.01868381   0.00000000     0.19780279   0.00000000     0.00000000   0.01191400
  0.00000000   0.01191400    -0.00000000  -0.01191400     0.19552932   0.00000000

     Dynamical  Matrix in cartesian axes

     q = (    0.000000000   0.333333333   0.333333333 ) 

    1    1
  0.17511390   0.00000000    -0.00000000   0.01337310     0.00000000   0.01337310
  0.00000000  -0.01337310     0.17744591   0.00000000     0.01398600   0.00000000
  0.00000000  -0.01337310     0.01398600   0.00000000     0.17744591   0.00000000
    1    2
 -0.06629806   0.11483161    -0.05296319  -0.03057831    -0.05296319  -0.03057831
 -0.03632985  -0.02097505    -0.06596569   0.11425592     0.01078342  -0.01867743
 -0.03632985  -0.02097505     0.01078342  -0.01867743    -0.06596569   0.11425592
    2    1
 -0.06629806  -0.11483161    -0.03632985   0.02097505    -0.03632985   0.02097505
 -0.05296319   0.03057831    -0.06596569  -0.11425592     0.01078342   0.01867743
 -0.05296319   0.03057831     0.01078342   0.01867743    -0.06596569  -0.11425592
    2    2
  0.19552932   0.00000000     0.00000000   0.01191400     0.00000000   0.01191400
 -0.00000000  -0.01191400     0.19780279   0.00000000     0.01868381   0.00000000
  0.00000000  -0.01191400     0.01868381   0.00000000     0.19780279   0.00000000

     Dynamical  Matrix in cartesian axes

     q = (    0.000000000   0.333333333  -0.333333333 ) 

    1    1
  0.17511390   0.00000000    -0.00000000  -0.01337310     0.00000000   0.01337310
  0.00000000   0.01337310     0.17744591   0.00000000    -0.01398600   0.00000000
  0.00000000  -0.01337310    -0.01398600   0.00000000     0.17744591   0.00000000
    1    2
 -0.13259612   0.00000000     0.00000000   0.06115663     0.00000000  -0.06115663
  0.00000000   0.04195010    -0.13193138  -0.00000000    -0.02156684   0.00000000
  0.00000000  -0.04195010    -0.02156684   0.00000000    -0.13193138  -0.00000000
    2    1
 -0.13259612   0.00000000     0.00000000  -0.04195010     0.00000000   0.04195010
  0.00000000  -0.06115663    -0.13193138   0.00000000    -0.02156684  -0.00000000
  0.00000000   0.06115663    -0.02156684  -0.00000000    -0.13193138   0.00000000
    2    2
  0.19552932   0.00000000     0.00000000  -0.01191400     0.00000000   0.01191400
 -0.00000000   0.01191400     0.19780279   0.00000000    -0.01868381   0.00000000
  0.00000000  -0.01191400    -0.01868381   0.00000000     0.19780279   0.00000000

     Dynamical  Matrix in cartesian axes

     q = (    0.000000000  -0.333333333  -0.333333333 ) 

    1    1
  0.17511390   0.00000000    -0.00000000  -0.01337310     0.00000000  -0.01337310
  0.00000000   0.01337310     0.17744591   0.00000000     0.01398600   0.00000000
  0.00000000   0.01337310     0.01398600   0.00000000     0.17744591   0.00000000
    1    2
 -0.06629806  -0.11483161    -0.05296319   0.03057831    -0.05296319   0.03057831
 -0.03632985   0.02097505    -0.06596569  -0.11425592     0.01078342   0.01867743
 -0.03632985   0.02097505     0.01078342   0.01867743    -0.06596569  -0.11425592
    2    1
 -0.06629806   0.11483161    -0.03632985  -0.02097505    -0.03632985  -0.02097505
 -0.05296319  -0.03057831    -0.06596569   0.11425592     0.01078342  -0.01867743
 -0.05296319  -0.03057831     0.01078342  -0.01867743    -0.06596569   0.11425592
    2    2
  0.19552932   0.00000000     0.00000000  -0.01191400    -0.00000000  -0.01191400
  0.00000000   0.01191400     0.19780279   0.00000000     0.01868381   0.00000000
  0.00000000   0.01191400     0.01868381   0.00000000     0.19780279   0.00000000

     Diagonalizing the dynamical matrix

     q = (    0.333333333   0.000000000   0.333333333 ) 

 **************************************************************************
     freq (    1) =       1.701020 [THz] =      56.739906 [cm-1]
 ( -0.255787  0.443036  0.000000  0.000000  0.255787 -0.443036 ) 
 ( -0.488152  0.000000 -0.000000  0.000000  0.488152  0.000000 ) 
     freq (    2) =       2.295543 [THz] =      76.571077 [cm-1]
 ( -0.081273  0.140768  0.615522  0.355372 -0.081273  0.140768 ) 
 (  0.097016 -0.000000  0.000000  0.650521  0.097016  0.000000 ) 
     freq (    3) =       3.453748 [THz] =     115.204621 [cm-1]
 ( -0.236119  0.408970 -0.204510 -0.118074 -0.236119  0.408970 ) 
 ( -0.485242 -0.000000 -0.000000  0.165221 -0.485242  0.000000 ) 
     freq (    4) =       7.100131 [THz] =     236.834875 [cm-1]
 ( -0.230585  0.399385  0.265455  0.153260 -0.230585  0.399385 ) 
 (  0.246185  0.000000  0.000000 -0.599563  0.246185  0.000000 ) 
     freq (    5) =       7.303076 [THz] =     243.604399 [cm-1]
 (  0.253111 -0.438401 -0.000000 -0.000000 -0.253111  0.438401 ) 
 ( -0.493700 -0.000000 -0.000000  0.000000  0.493700  0.000000 ) 
     freq (    6) =       7.753662 [THz] =     258.634330 [cm-1]
 ( -0.118457  0.205174 -0.534101 -0.308364 -0.118457  0.205174 ) 
 (  0.420850  0.000000 -0.000000  0.391359  0.420850  0.000000 ) 
 **************************************************************************
