Dynamical matrix file
default                                                                    
  2    2   2  10.8614620   0.0000000   0.0000000   0.0000000   0.0000000   0.0000000
           1  'Ga  '    63548.6269622649     
           2  'As  '    68286.8564472683     
    1    1      0.0000000000      0.0000000000      0.0000000000
    2    2      0.2500000000      0.2500000000      0.2500000000

     Dynamical  Matrix in cartesian axes

     q = (    0.500000000  -0.166666667   0.833333333 ) 

    1    1
  0.14358856   0.00000000    -0.00523306  -0.00296860     0.00523306  -0.00296860
 -0.00523306   0.00296860     0.17873377   0.00000000    -0.00447826   0.01660606
  0.00523306   0.00296860    -0.00447826  -0.01660606     0.17873377   0.00000000
    1    2
 -0.01924907   0.03334037    -0.08149719   0.03034839    -0.01446612  -0.08575283
 -0.07557333   0.02713761    -0.02127405   0.04069523    -0.02319146   0.02625172
 -0.01428480  -0.07901723    -0.01113892   0.03321025    -0.02460607   0.03877148
    2    1
 -0.01924907  -0.03334037    -0.07557333  -0.02713761    -0.01428480   0.07901723
 -0.08149719  -0.03034839    -0.02127405  -0.04069523    -0.01113892  -0.03321025
 -0.01446612   0.08575283    -0.02319146  -0.02625172    -0.02460607  -0.03877148
    2    2
  0.20110047   0.00000000    -0.00868093  -0.00312222     0.00868093  -0.00312222
 -0.00868093   0.00312222     0.21649584   0.00000000    -0.00349912   0.02462638
  0.00868093   0.00312222    -0.00349912  -0.02462638     0.21649584   0.00000000

     Dynamical  Matrix in cartesian axes

     q = (    0.833333333  -0.166666667   0.500000000 ) 

    1    1
  0.17873377   0.00000000    -0.00447826  -0.01660606     0.00523306   0.00296860
 -0.00447826   0.01660606     0.17873377   0.00000000    -0.00523306   0.00296860
  0.00523306  -0.00296860    -0.00523306  -0.00296860     0.14358856   0.00000000
    1    2
 -0.02460607   0.03877148    -0.01113892   0.03321025    -0.01428480  -0.07901723
 -0.02319146   0.02625172    -0.02127405   0.04069523    -0.07557333   0.02713761
 -0.01446612  -0.08575283    -0.08149719   0.03034839    -0.01924907   0.03334037
    2    1
 -0.02460607  -0.03877148    -0.02319146  -0.02625172    -0.01446612   0.08575283
 -0.01113892  -0.03321025    -0.02127405  -0.04069523    -0.08149719  -0.03034839
 -0.01428480   0.07901723    -0.07557333  -0.02713761    -0.01924907  -0.03334037
    2    2
  0.21649584   0.00000000    -0.00349912  -0.02462638     0.00868093   0.00312222
 -0.00349912   0.02462638     0.21649584   0.00000000    -0.00868093   0.00312222
  0.00868093  -0.00312222    -0.00868093  -0.00312222     0.20110047   0.00000000

     Dynamical  Matrix in cartesian axes

     q = (   -0.500000000  -0.166666667  -0.833333333 ) 

    1    1
  0.14358856   0.00000000     0.00523306   0.00296860     0.00523306  -0.00296860
  0.00523306  -0.00296860     0.17873377   0.00000000     0.00447826  -0.01660606
  0.00523306   0.00296860     0.00447826   0.01660606     0.17873377   0.00000000
    1    2
  0.03849815  -0.00000000    -0.06703107  -0.05540444    -0.06703107   0.05540444
 -0.06128852  -0.05187962     0.04588013  -0.00192374    -0.03433038  -0.00695854
 -0.06128852   0.05187962    -0.03433038   0.00695854     0.04588013   0.00192374
    2    1
  0.03849815   0.00000000    -0.06128852   0.05187962    -0.06128852  -0.05187962
 -0.06703107   0.05540444     0.04588013   0.00192374    -0.03433038  -0.00695854
 -0.06703107  -0.05540444    -0.03433038   0.00695854     0.04588013  -0.00192374
    2    2
  0.20110047   0.00000000     0.00868093   0.00312222     0.00868093  -0.00312222
  0.00868093  -0.00312222     0.21649584   0.00000000     0.00349912  -0.02462638
  0.00868093   0.00312222     0.00349912   0.02462638     0.21649584   0.00000000

     Dynamical  Matrix in cartesian axes

     q = (   -0.833333333  -0.166666667  -0.500000000 ) 

    1    1
  0.17873377   0.00000000     0.00447826   0.01660606     0.00523306   0.00296860
  0.00447826  -0.01660606     0.17873377   0.00000000     0.00523306  -0.00296860
  0.00523306  -0.00296860     0.00523306   0.00296860     0.14358856   0.00000000
    1    2
  0.04588013   0.00192374    -0.03433038   0.00695854    -0.06128852   0.05187962
 -0.03433038  -0.00695854     0.04588013  -0.00192374    -0.06128852  -0.05187962
 -0.06703107   0.05540444    -0.06703107  -0.05540444     0.03849815   0.00000000
    2    1
  0.04588013  -0.00192374    -0.03433038   0.00695854    -0.06703107  -0.05540444
 -0.03433038  -0.00695854     0.04588013   0.00192374    -0.06703107   0.05540444
 -0.06128852  -0.05187962    -0.06128852   0.05187962     0.03849815  -0.00000000
    2    2
  0.21649584   0.00000000     0.00349912   0.02462638     0.00868093   0.00312222
  0.00349912  -0.02462638     0.21649584   0.00000000     0.00868093  -0.00312222
  0.00868093  -0.00312222     0.00868093   0.00312222     0.20110047   0.00000000

     Dynamical  Matrix in cartesian axes

     q = (   -0.833333333   0.166666667   0.500000000 ) 

    1    1
  0.17873377   0.00000000    -0.00447826  -0.01660606    -0.00523306  -0.00296860
 -0.00447826   0.01660606     0.17873377   0.00000000     0.00523306  -0.00296860
 -0.00523306   0.00296860     0.00523306   0.00296860     0.14358856   0.00000000
    1    2
 -0.02127405  -0.04069523    -0.02319146  -0.02625172    -0.07557333  -0.02713761
 -0.01113892  -0.03321025    -0.02460607  -0.03877148    -0.01428480   0.07901723
 -0.08149719  -0.03034839    -0.01446612   0.08575283    -0.01924907  -0.03334037
    2    1
 -0.02127405   0.04069523    -0.01113892   0.03321025    -0.08149719   0.03034839
 -0.02319146   0.02625172    -0.02460607   0.03877148    -0.01446612  -0.08575283
 -0.07557333   0.02713761    -0.01428480  -0.07901723    -0.01924907   0.03334037
    2    2
  0.21649584   0.00000000    -0.00349912  -0.02462638    -0.00868093  -0.00312222
 -0.00349912   0.02462638     0.21649584   0.00000000     0.00868093  -0.00312222
 -0.00868093   0.00312222     0.00868093   0.00312222     0.20110047   0.00000000

     Dynamical  Matrix in cartesian axes

     q = (    0.833333333   0.166666667  -0.500000000 ) 

    1    1
  0.17873377   0.00000000     0.00447826   0.01660606    -0.00523306  -0.00296860
  0.00447826  -0.01660606     0.17873377   0.00000000    -0.00523306   0.00296860
 -0.00523306   0.00296860    -0.00523306  -0.00296860     0.14358856   0.00000000
    1    2
 -0.04588013  -0.00192374     0.03433038  -0.00695854    -0.06128852   0.05187962
  0.03433038   0.00695854    -0.04588013   0.00192374    -0.06128852  -0.05187962
 -0.06703107   0.05540444    -0.06703107  -0.05540444    -0.03849815  -0.00000000
    2    1
 -0.04588013   0.00192374     0.03433038  -0.00695854    -0.06703107  -0.05540444
  0.03433038   0.00695854    -0.04588013  -0.00192374    -0.06703107   0.05540444
 -0.06128852  -0.05187962    -0.06128852   0.05187962    -0.03849815  -0.00000000
    2    2
  0.21649584   0.00000000     0.00349912   0.02462638    -0.00868093  -0.00312222
  0.00349912  -0.02462638     0.21649584   0.00000000    -0.00868093   0.00312222
 -0.00868093   0.00312222    -0.00868093  -0.00312222     0.20110047   0.00000000

     Dynamical  Matrix in cartesian axes

     q = (   -0.500000000   0.166666667   0.833333333 ) 

    1    1
  0.14358856   0.00000000    -0.00523306  -0.00296860    -0.00523306   0.00296860
 -0.00523306   0.00296860     0.17873377  -0.00000000     0.00447826  -0.01660606
 -0.00523306  -0.00296860     0.00447826   0.01660606     0.17873377  -0.00000000
    1    2
 -0.03849815  -0.00000000    -0.06703107  -0.05540444    -0.06703107   0.05540444
 -0.06128852  -0.05187962    -0.04588013   0.00192374     0.03433038   0.00695854
 -0.06128852   0.05187962     0.03433038  -0.00695854    -0.04588013  -0.00192374
    2    1
 -0.03849815   0.00000000    -0.06128852   0.05187962    -0.06128852  -0.05187962
 -0.06703107   0.05540444    -0.04588013  -0.00192374     0.03433038   0.00695854
 -0.06703107  -0.05540444     0.03433038  -0.00695854    -0.04588013   0.00192374
    2    2
  0.20110047   0.00000000    -0.00868093  -0.00312222    -0.00868093   0.00312222
 -0.00868093   0.00312222     0.21649584   0.00000000     0.00349912  -0.02462638
 -0.00868093  -0.00312222     0.00349912   0.02462638     0.21649584   0.00000000

     Dynamical  Matrix in cartesian axes

     q = (    0.500000000   0.166666667  -0.833333333 ) 

    1    1
  0.14358856   0.00000000     0.00523306   0.00296860    -0.00523306   0.00296860
  0.00523306  -0.00296860     0.17873377   0.00000000    -0.00447826   0.01660606
 -0.00523306  -0.00296860    -0.00447826  -0.01660606     0.17873377   0.00000000
    1    2
 -0.01924907  -0.03334037    -0.01446612   0.08575283    -0.08149719  -0.03034839
 -0.01428480   0.07901723    -0.02460607  -0.03877148    -0.01113892  -0.03321025
 -0.07557333  -0.02713761    -0.02319146  -0.02625172    -0.02127405  -0.04069523
    2    1
 -0.01924907   0.03334037    -0.01428480  -0.07901723    -0.07557333   0.02713761
 -0.01446612  -0.08575283    -0.02460607   0.03877148    -0.02319146   0.02625172
 -0.08149719   0.03034839    -0.01113892   0.03321025    -0.02127405   0.04069523
    2    2
  0.20110047   0.00000000     0.00868093   0.00312222    -0.00868093   0.00312222
  0.00868093  -0.00312222     0.21649584   0.00000000    -0.00349912   0.02462638
 -0.00868093  -0.00312222    -0.00349912  -0.02462638     0.21649584   0.00000000

     Dynamical  Matrix in cartesian axes

     q = (    0.833333333   0.500000000  -0.166666667 ) 

    1    1
  0.17873377  -0.00000000     0.00523306   0.00296860    -0.00447826  -0.01660606
  0.00523306  -0.00296860     0.14358856  -0.00000000    -0.00523306  -0.00296860
 -0.00447826   0.01660606    -0.00523306   0.00296860     0.17873377  -0.00000000
    1    2
 -0.02460607   0.03877148    -0.01428480  -0.07901723    -0.01113892   0.03321025
 -0.01446612  -0.08575283    -0.01924907   0.03334037    -0.08149719   0.03034839
 -0.02319146   0.02625172    -0.07557333   0.02713761    -0.02127405   0.04069523
    2    1
 -0.02460607  -0.03877148    -0.01446612   0.08575283    -0.02319146  -0.02625172
 -0.01428480   0.07901723    -0.01924907  -0.03334037    -0.07557333  -0.02713761
 -0.01113892  -0.03321025    -0.08149719  -0.03034839    -0.02127405  -0.04069523
    2    2
  0.21649584  -0.00000000     0.00868093   0.00312222    -0.00349912  -0.02462638
  0.00868093  -0.00312222     0.20110047  -0.00000000    -0.00868093  -0.00312222
 -0.00349912   0.02462638    -0.00868093   0.00312222     0.21649584  -0.00000000

     Dynamical  Matrix in cartesian axes

     q = (    0.833333333  -0.500000000   0.166666667 ) 

    1    1
  0.17873377   0.00000000    -0.00523306  -0.00296860     0.00447826   0.01660606
 -0.00523306   0.00296860     0.14358856   0.00000000    -0.00523306  -0.00296860
  0.00447826  -0.01660606    -0.00523306   0.00296860     0.17873377  -0.00000000
    1    2
 -0.04588013  -0.00192374    -0.06128852   0.05187962     0.03433038  -0.00695854
 -0.06703107   0.05540444    -0.03849815  -0.00000000    -0.06703107  -0.05540444
  0.03433038   0.00695854    -0.06128852  -0.05187962    -0.04588013   0.00192374
    2    1
 -0.04588013   0.00192374    -0.06703107  -0.05540444     0.03433038  -0.00695854
 -0.06128852  -0.05187962    -0.03849815   0.00000000    -0.06128852   0.05187962
  0.03433038   0.00695854    -0.06703107   0.05540444    -0.04588013  -0.00192374
    2    2
  0.21649584   0.00000000    -0.00868093  -0.00312222     0.00349912   0.02462638
 -0.00868093   0.00312222     0.20110047   0.00000000    -0.00868093  -0.00312222
  0.00349912  -0.02462638    -0.00868093   0.00312222     0.21649584   0.00000000

     Dynamical  Matrix in cartesian axes

     q = (   -0.833333333  -0.500000000  -0.166666667 ) 

    1    1
  0.17873377  -0.00000000     0.00523306   0.00296860     0.00447826   0.01660606
  0.00523306  -0.00296860     0.14358856  -0.00000000     0.00523306   0.00296860
  0.00447826  -0.01660606     0.00523306  -0.00296860     0.17873377  -0.00000000
    1    2
  0.04588013   0.00192374    -0.06128852   0.05187962    -0.03433038   0.00695854
 -0.06703107   0.05540444     0.03849815  -0.00000000    -0.06703107  -0.05540444
 -0.03433038  -0.00695854    -0.06128852  -0.05187962     0.04588013  -0.00192374
    2    1
  0.04588013  -0.00192374    -0.06703107  -0.05540444    -0.03433038   0.00695854
 -0.06128852  -0.05187962     0.03849815   0.00000000    -0.06128852   0.05187962
 -0.03433038  -0.00695854    -0.06703107   0.05540444     0.04588013   0.00192374
    2    2
  0.21649584  -0.00000000     0.00868093   0.00312222     0.00349912   0.02462638
  0.00868093  -0.00312222     0.20110047  -0.00000000     0.00868093   0.00312222
  0.00349912  -0.02462638     0.00868093  -0.00312222     0.21649584  -0.00000000

     Dynamical  Matrix in cartesian axes

     q = (   -0.833333333   0.500000000   0.166666667 ) 

    1    1
  0.17873377   0.00000000    -0.00523306  -0.00296860    -0.00447826  -0.01660606
 -0.00523306   0.00296860     0.14358856   0.00000000     0.00523306   0.00296860
 -0.00447826   0.01660606     0.00523306  -0.00296860     0.17873377   0.00000000
    1    2
 -0.02127405  -0.04069523    -0.07557333  -0.02713761    -0.02319146  -0.02625172
 -0.08149719  -0.03034839    -0.01924907  -0.03334037    -0.01446612   0.08575283
 -0.01113892  -0.03321025    -0.01428480   0.07901723    -0.02460607  -0.03877148
    2    1
 -0.02127405   0.04069523    -0.08149719   0.03034839    -0.01113892   0.03321025
 -0.07557333   0.02713761    -0.01924907   0.03334037    -0.01428480  -0.07901723
 -0.02319146   0.02625172    -0.01446612  -0.08575283    -0.02460607   0.03877148
    2    2
  0.21649584   0.00000000    -0.00868093  -0.00312222    -0.00349912  -0.02462638
 -0.00868093   0.00312222     0.20110047   0.00000000     0.00868093   0.00312222
 -0.00349912   0.02462638     0.00868093  -0.00312222     0.21649584   0.00000000

     Dynamical  Matrix in cartesian axes

     q = (    0.500000000  -0.833333333   0.166666667 ) 

    1    1
  0.14358856   0.00000000    -0.00523306   0.00296860     0.00523306   0.00296860
 -0.00523306  -0.00296860     0.17873377   0.00000000    -0.00447826  -0.01660606
  0.00523306  -0.00296860    -0.00447826   0.01660606     0.17873377  -0.00000000
    1    2
 -0.01924907  -0.03334037    -0.08149719  -0.03034839    -0.01446612   0.08575283
 -0.07557333  -0.02713761    -0.02127405  -0.04069523    -0.02319146  -0.02625172
 -0.01428480   0.07901723    -0.01113892  -0.03321025    -0.02460607  -0.03877148
    2    1
 -0.01924907   0.03334037    -0.07557333   0.02713761    -0.01428480  -0.07901723
 -0.08149719   0.03034839    -0.02127405   0.04069523    -0.01113892   0.03321025
 -0.01446612  -0.08575283    -0.02319146   0.02625172    -0.02460607   0.03877148
    2    2
  0.20110047   0.00000000    -0.00868093   0.00312222     0.00868093   0.00312222
 -0.00868093  -0.00312222     0.21649584   0.00000000    -0.00349912  -0.02462638
  0.00868093  -0.00312222    -0.00349912   0.02462638     0.21649584   0.00000000

     Dynamical  Matrix in cartesian axes

     q = (   -0.166666667   0.500000000   0.833333333 ) 

    1    1
  0.17873377   0.00000000    -0.00523306   0.00296860    -0.00447826   0.01660606
 -0.00523306  -0.00296860     0.14358856   0.00000000     0.00523306  -0.00296860
 -0.00447826  -0.01660606     0.00523306   0.00296860     0.17873377  -0.00000000
    1    2
 -0.02127405   0.04069523    -0.07557333   0.02713761    -0.02319146   0.02625172
 -0.08149719   0.03034839    -0.01924907   0.03334037    -0.01446612  -0.08575283
 -0.01113892   0.03321025    -0.01428480  -0.07901723    -0.02460607   0.03877148
    2    1
 -0.02127405  -0.04069523    -0.08149719  -0.03034839    -0.01113892  -0.03321025
 -0.07557333  -0.02713761    -0.01924907  -0.03334037    -0.01428480   0.07901723
 -0.02319146  -0.02625172    -0.01446612   0.08575283    -0.02460607  -0.03877148
    2    2
  0.21649584   0.00000000    -0.00868093   0.00312222    -0.00349912   0.02462638
 -0.00868093  -0.00312222     0.20110047   0.00000000     0.00868093  -0.00312222
 -0.00349912  -0.02462638     0.00868093   0.00312222     0.21649584   0.00000000

     Dynamical  Matrix in cartesian axes

     q = (    0.166666667   0.500000000  -0.833333333 ) 

    1    1
  0.17873377   0.00000000     0.00523306  -0.00296860    -0.00447826   0.01660606
  0.00523306   0.00296860     0.14358856   0.00000000    -0.00523306   0.00296860
 -0.00447826  -0.01660606    -0.00523306  -0.00296860     0.17873377   0.00000000
    1    2
 -0.02460607  -0.03877148    -0.01428480   0.07901723    -0.01113892  -0.03321025
 -0.01446612   0.08575283    -0.01924907  -0.03334037    -0.08149719  -0.03034839
 -0.02319146  -0.02625172    -0.07557333  -0.02713761    -0.02127405  -0.04069523
    2    1
 -0.02460607   0.03877148    -0.01446612  -0.08575283    -0.02319146   0.02625172
 -0.01428480  -0.07901723    -0.01924907   0.03334037    -0.07557333   0.02713761
 -0.01113892   0.03321025    -0.08149719   0.03034839    -0.02127405   0.04069523
    2    2
  0.21649584   0.00000000     0.00868093  -0.00312222    -0.00349912   0.02462638
  0.00868093   0.00312222     0.20110047   0.00000000    -0.00868093   0.00312222
 -0.00349912  -0.02462638    -0.00868093  -0.00312222     0.21649584   0.00000000

     Dynamical  Matrix in cartesian axes

     q = (   -0.166666667  -0.500000000  -0.833333333 ) 

    1    1
  0.17873377   0.00000000     0.00523306  -0.00296860     0.00447826  -0.01660606
  0.00523306   0.00296860     0.14358856   0.00000000     0.00523306  -0.00296860
  0.00447826   0.01660606     0.00523306   0.00296860     0.17873377   0.00000000
    1    2
  0.04588013  -0.00192374    -0.06128852  -0.05187962    -0.03433038  -0.00695854
 -0.06703107  -0.05540444     0.03849815   0.00000000    -0.06703107   0.05540444
 -0.03433038   0.00695854    -0.06128852   0.05187962     0.04588013   0.00192374
    2    1
  0.04588013   0.00192374    -0.06703107   0.05540444    -0.03433038  -0.00695854
 -0.06128852   0.05187962     0.03849815  -0.00000000    -0.06128852  -0.05187962
 -0.03433038   0.00695854    -0.06703107  -0.05540444     0.04588013  -0.00192374
    2    2
  0.21649584   0.00000000     0.00868093  -0.00312222     0.00349912  -0.02462638
  0.00868093   0.00312222     0.20110047   0.00000000     0.00868093  -0.00312222
  0.00349912   0.02462638     0.00868093   0.00312222     0.21649584   0.00000000

     Dynamical  Matrix in cartesian axes

     q = (    0.166666667  -0.500000000   0.833333333 ) 

    1    1
  0.17873377   0.00000000    -0.00523306   0.00296860     0.00447826  -0.01660606
 -0.00523306  -0.00296860     0.14358856   0.00000000    -0.00523306   0.00296860
  0.00447826   0.01660606    -0.00523306  -0.00296860     0.17873377   0.00000000
    1    2
 -0.04588013   0.00192374    -0.06128852  -0.05187962     0.03433038   0.00695854
 -0.06703107  -0.05540444    -0.03849815   0.00000000    -0.06703107   0.05540444
  0.03433038  -0.00695854    -0.06128852   0.05187962    -0.04588013  -0.00192374
    2    1
 -0.04588013  -0.00192374    -0.06703107   0.05540444     0.03433038   0.00695854
 -0.06128852   0.05187962    -0.03849815   0.00000000    -0.06128852  -0.05187962
  0.03433038  -0.00695854    -0.06703107  -0.05540444    -0.04588013   0.00192374
    2    2
  0.21649584   0.00000000    -0.00868093   0.00312222     0.00349912  -0.02462638
 -0.00868093  -0.00312222     0.20110047   0.00000000    -0.00868093   0.00312222
  0.00349912   0.02462638    -0.00868093  -0.00312222     0.21649584   0.00000000

     Dynamical  Matrix in cartesian axes

     q = (   -0.166666667   0.833333333   0.500000000 ) 

    1    1
  0.17873377   0.00000000    -0.00447826   0.01660606    -0.00523306   0.00296860
 -0.00447826  -0.01660606     0.17873377   0.00000000     0.00523306   0.00296860
 -0.00523306  -0.00296860     0.00523306  -0.00296860     0.14358856   0.00000000
    1    2
 -0.02127405   0.04069523    -0.02319146   0.02625172    -0.07557333   0.02713761
 -0.01113892   0.03321025    -0.02460607   0.03877148    -0.01428480  -0.07901723
 -0.08149719   0.03034839    -0.01446612  -0.08575283    -0.01924907   0.03334037
    2    1
 -0.02127405  -0.04069523    -0.01113892  -0.03321025    -0.08149719  -0.03034839
 -0.02319146  -0.02625172    -0.02460607  -0.03877148    -0.01446612   0.08575283
 -0.07557333  -0.02713761    -0.01428480   0.07901723    -0.01924907  -0.03334037
    2    2
  0.21649584   0.00000000    -0.00349912   0.02462638    -0.00868093   0.00312222
 -0.00349912  -0.02462638     0.21649584   0.00000000     0.00868093   0.00312222
 -0.00868093  -0.00312222     0.00868093  -0.00312222     0.20110047   0.00000000

     Dynamical  Matrix in cartesian axes

     q = (   -0.166666667  -0.833333333  -0.500000000 ) 

    1    1
  0.17873377   0.00000000     0.00447826  -0.01660606     0.00523306  -0.00296860
  0.00447826   0.01660606     0.17873377   0.00000000     0.00523306   0.00296860
  0.00523306   0.00296860     0.00523306  -0.00296860     0.14358856   0.00000000
    1    2
  0.04588013  -0.00192374    -0.03433038  -0.00695854    -0.06128852  -0.05187962
 -0.03433038   0.00695854     0.04588013   0.00192374    -0.06128852   0.05187962
 -0.06703107  -0.05540444    -0.06703107   0.05540444     0.03849815   0.00000000
    2    1
  0.04588013   0.00192374    -0.03433038  -0.00695854    -0.06703107   0.05540444
 -0.03433038   0.00695854     0.04588013  -0.00192374    -0.06703107  -0.05540444
 -0.06128852   0.05187962    -0.06128852  -0.05187962     0.03849815  -0.00000000
    2    2
  0.21649584   0.00000000     0.00349912  -0.02462638     0.00868093  -0.00312222
  0.00349912   0.02462638     0.21649584   0.00000000     0.00868093   0.00312222
  0.00868093   0.00312222     0.00868093  -0.00312222     0.20110047   0.00000000

     Dynamical  Matrix in cartesian axes

     q = (    0.166666667  -0.833333333   0.500000000 ) 

    1    1
  0.17873377   0.00000000    -0.00447826   0.01660606     0.00523306  -0.00296860
 -0.00447826  -0.01660606     0.17873377   0.00000000    -0.00523306  -0.00296860
  0.00523306   0.00296860    -0.00523306   0.00296860     0.14358856   0.00000000
    1    2
 -0.02460607  -0.03877148    -0.01113892  -0.03321025    -0.01428480   0.07901723
 -0.02319146  -0.02625172    -0.02127405  -0.04069523    -0.07557333  -0.02713761
 -0.01446612   0.08575283    -0.08149719  -0.03034839    -0.01924907  -0.03334037
    2    1
 -0.02460607   0.03877148    -0.02319146   0.02625172    -0.01446612  -0.08575283
 -0.01113892   0.03321025    -0.02127405   0.04069523    -0.08149719   0.03034839
 -0.01428480  -0.07901723    -0.07557333   0.02713761    -0.01924907   0.03334037
    2    2
  0.21649584   0.00000000    -0.00349912   0.02462638     0.00868093  -0.00312222
 -0.00349912  -0.02462638     0.21649584   0.00000000    -0.00868093  -0.00312222
  0.00868093   0.00312222    -0.00868093   0.00312222     0.20110047   0.00000000

     Dynamical  Matrix in cartesian axes

     q = (    0.166666667   0.833333333  -0.500000000 ) 

    1    1
  0.17873377   0.00000000     0.00447826  -0.01660606    -0.00523306   0.00296860
  0.00447826   0.01660606     0.17873377   0.00000000    -0.00523306  -0.00296860
 -0.00523306  -0.00296860    -0.00523306   0.00296860     0.14358856   0.00000000
    1    2
 -0.04588013   0.00192374     0.03433038   0.00695854    -0.06128852  -0.05187962
  0.03433038  -0.00695854    -0.04588013  -0.00192374    -0.06128852   0.05187962
 -0.06703107  -0.05540444    -0.06703107   0.05540444    -0.03849815   0.00000000
    2    1
 -0.04588013  -0.00192374     0.03433038   0.00695854    -0.06703107   0.05540444
  0.03433038  -0.00695854    -0.04588013   0.00192374    -0.06703107  -0.05540444
 -0.06128852   0.05187962    -0.06128852  -0.05187962    -0.03849815   0.00000000
    2    2
  0.21649584   0.00000000     0.00349912  -0.02462638    -0.00868093   0.00312222
  0.00349912   0.02462638     0.21649584   0.00000000    -0.00868093  -0.00312222
 -0.00868093  -0.00312222    -0.00868093   0.00312222     0.20110047   0.00000000

     Dynamical  Matrix in cartesian axes

     q = (    0.500000000   0.833333333  -0.166666667 ) 

    1    1
  0.14358856  -0.00000000     0.00523306  -0.00296860    -0.00523306  -0.00296860
  0.00523306   0.00296860     0.17873377  -0.00000000    -0.00447826  -0.01660606
 -0.00523306   0.00296860    -0.00447826   0.01660606     0.17873377  -0.00000000
    1    2
 -0.01924907   0.03334037    -0.01446612  -0.08575283    -0.08149719   0.03034839
 -0.01428480  -0.07901723    -0.02460607   0.03877148    -0.01113892   0.03321025
 -0.07557333   0.02713761    -0.02319146   0.02625172    -0.02127405   0.04069523
    2    1
 -0.01924907  -0.03334037    -0.01428480   0.07901723    -0.07557333  -0.02713761
 -0.01446612   0.08575283    -0.02460607  -0.03877148    -0.02319146  -0.02625172
 -0.08149719  -0.03034839    -0.01113892  -0.03321025    -0.02127405  -0.04069523
    2    2
  0.20110047  -0.00000000     0.00868093  -0.00312222    -0.00868093  -0.00312222
  0.00868093   0.00312222     0.21649584  -0.00000000    -0.00349912  -0.02462638
 -0.00868093   0.00312222    -0.00349912   0.02462638     0.21649584  -0.00000000

     Dynamical  Matrix in cartesian axes

     q = (   -0.500000000  -0.833333333  -0.166666667 ) 

    1    1
  0.14358856  -0.00000000     0.00523306  -0.00296860     0.00523306   0.00296860
  0.00523306   0.00296860     0.17873377  -0.00000000     0.00447826   0.01660606
  0.00523306  -0.00296860     0.00447826  -0.01660606     0.17873377  -0.00000000
    1    2
  0.03849815  -0.00000000    -0.06703107   0.05540444    -0.06703107  -0.05540444
 -0.06128852   0.05187962     0.04588013   0.00192374    -0.03433038   0.00695854
 -0.06128852  -0.05187962    -0.03433038  -0.00695854     0.04588013  -0.00192374
    2    1
  0.03849815   0.00000000    -0.06128852  -0.05187962    -0.06128852   0.05187962
 -0.06703107  -0.05540444     0.04588013  -0.00192374    -0.03433038   0.00695854
 -0.06703107   0.05540444    -0.03433038  -0.00695854     0.04588013   0.00192374
    2    2
  0.20110047  -0.00000000     0.00868093  -0.00312222     0.00868093   0.00312222
  0.00868093   0.00312222     0.21649584  -0.00000000     0.00349912   0.02462638
  0.00868093  -0.00312222     0.00349912  -0.02462638     0.21649584  -0.00000000

     Dynamical  Matrix in cartesian axes

     q = (   -0.500000000   0.833333333   0.166666667 ) 

    1    1
  0.14358856   0.00000000    -0.00523306   0.00296860    -0.00523306  -0.00296860
 -0.00523306  -0.00296860     0.17873377   0.00000000     0.00447826   0.01660606
 -0.00523306   0.00296860     0.00447826  -0.01660606     0.17873377   0.00000000
    1    2
 -0.03849815  -0.00000000    -0.06703107   0.05540444    -0.06703107  -0.05540444
 -0.06128852   0.05187962    -0.04588013  -0.00192374     0.03433038  -0.00695854
 -0.06128852  -0.05187962     0.03433038   0.00695854    -0.04588013   0.00192374
    2    1
 -0.03849815   0.00000000    -0.06128852  -0.05187962    -0.06128852   0.05187962
 -0.06703107  -0.05540444    -0.04588013   0.00192374     0.03433038  -0.00695854
 -0.06703107   0.05540444     0.03433038   0.00695854    -0.04588013  -0.00192374
    2    2
  0.20110047   0.00000000    -0.00868093   0.00312222    -0.00868093  -0.00312222
 -0.00868093  -0.00312222     0.21649584   0.00000000     0.00349912   0.02462638
 -0.00868093   0.00312222     0.00349912  -0.02462638     0.21649584   0.00000000

     Diagonalizing the dynamical matrix

     q = (    0.500000000  -0.166666667   0.833333333 ) 

 **************************************************************************
     freq (    1) =       2.540453 [THz] =      84.740389 [cm-1]
 (  0.044315  0.705531 -0.032256  0.236445 -0.061589 -0.230551 ) 
 ( -0.346056  0.229868 -0.126755  0.301364  0.326936  0.000000 ) 
     freq (    2) =       3.077667 [THz] =     102.659911 [cm-1]
 (  0.217751  0.181553  0.101907 -0.500849  0.474359 -0.190312 ) 
 (  0.075544 -0.436437  0.298551  0.106546  0.316994  0.000000 ) 
     freq (    3) =       5.206987 [THz] =     173.686382 [cm-1]
 (  0.255676 -0.078249 -0.287448  0.314735  0.414361  0.099947 ) 
 ( -0.194651 -0.181409  0.034969  0.495930 -0.497162  0.000000 ) 
     freq (    4) =       6.114655 [THz] =     203.962939 [cm-1]
 (  0.240836 -0.113202 -0.199541  0.475237  0.493240  0.149604 ) 
 (  0.128986  0.089730 -0.150217 -0.404988  0.431949  0.000000 ) 
     freq (    5) =       7.061510 [THz] =     235.546635 [cm-1]
 (  0.175410 -0.226355  0.424491 -0.114479 -0.004906  0.439629 ) 
 ( -0.689771 -0.094159 -0.147293 -0.040977  0.152887  0.000000 ) 
     freq (    6) =       7.452708 [THz] =     248.595568 [cm-1]
 (  0.163786  0.450819  0.260927 -0.088924  0.257158 -0.099300 ) 
 ( -0.078445  0.093377 -0.094722 -0.540896 -0.549128  0.000000 ) 
 **************************************************************************
